0.177815675689	133.4274737	1972.063218	1.895	142.4661364	1965.197009	1.895	11.35087005	142.4661364	1965.197009	1.895	11.35087005	0	0	0	0	0	0	0	0	0	0	0	0	0	0	0	0	0	0	0	10.5
0.277815675689	134.1471651	1971.300154	1.895	138.8693914	1976.340336	1.895	6.90672545	138.8693914	1976.340336	1.895	6.90672545	0	0	0	0	0	0	0	0	0	0	0	0	0	0	0	0	0	0	0	10.45778671
0.377815675689	134.8668095	1970.537139	1.895	135.9199537	1978.985493	1.895	8.513741596	135.9199537	1978.985493	1.895	8.513741596	0	0	0	0	0	0	0	0	0	0	0	0	0	0	0	0	0	0	0	10.45710272
0.477815675689	135.5864906	1969.774085	1.895	145.1814267	1966.811413	1.895	10.04192347	145.1814267	1966.811413	1.895	10.04192347	0	0	0	0	0	0	0	0	0	0	0	0	0	0	0	0	0	0	0	10.45763741
0.577815675689	136.3069415	1969.010216	1.895	135.8801614	1981.613284	1.895	12.61029226	135.8801614	1981.613284	1.895	12.61029226	0	0	0	0	0	0	0	0	0	0	0	0	0	0	0	0	0	0	0	10.46882182
0.677815675689	137.0282154	1968.245473	1.895	144.3731374	1968.350014	1.895	7.345666025	144.3731374	1968.350014	1.895	7.345666025	0	0	0	0	0	0	0	0	0	0	0	0	0	0	0	0	0	0	0	10.48078091
0.777815675689	137.7497881	1967.480414	1.895	142.4348406	1963.404986	1.895	6.20957568	142.4348406	1963.404986	1.895	6.20957568	0	0	0	0	0	0	0	0	0	0	0	0	0	0	0	0	0	0	0	10.48512327
0.877815675689	138.4721894	1966.714476	1.895	136.259254	1970.02953	1.895	3.985807856	136.259254	1970.02953	1.895	3.985807856	0	0	0	0	0	0	0	0	0	0	0	0	0	0	0	0	0	0	0	10.49716435
0.977815675689	139.1938477	1965.949326	1.895	132.5303951	1970.723997	1.895	8.197504526	132.5303951	1970.723997	1.895	8.197504526	0	0	0	0	0	0	0	0	0	0	0	0	0	0	0	0	0	0	0	10.48636719
1.077815675689	139.9148006	1965.184924	1.895	132.5168865	1950.413515	1.895	16.52040097	132.5168865	1950.413515	1.895	16.52040097	0	0	0	0	0	0	0	0	0	0	0	0	0	0	0	0	0	0	0	10.47611674
1.177815675689	140.6346025	1964.421742	1.895	136.5865886	1962.307514	1.895	4.566878479	136.5865886	1962.307514	1.895	4.566878479	0	0	0	0	0	0	0	0	0	0	0	0	0	0	0	0	0	0	0	10.45939156
1.277815675689	141.3555474	1963.657349	1.895	136.0168502	1952.534581	1.895	12.33765201	136.0168502	1952.534581	1.895	12.33765201	0	0	0	0	0	0	0	0	0	0	0	0	0	0	0	0	0	0	0	10.47600114
1.377815675689	142.0767923	1962.892637	1.895	153.3868867	1968.68769	1.895	12.70829914	153.3868867	1968.68769	1.895	12.70829914	0	0	0	0	0	0	0	0	0	0	0	0	0	0	0	0	0	0	0	10.48036076
1.477815675689	142.7965119	1962.129543	1.895	132.4865935	1970.572941	1.895	13.32611724	132.4865935	1970.572941	1.895	13.32611724	0	0	0	0	0	0	0	0	0	0	0	0	0	0	0	0	0	0	0	10.45819606
1.577815675689	143.5179475	1961.364629	1.895	138.2504668	1950.18684	1.895	12.35675219	138.2504668	1950.18684	1.895	12.35675219	0	0	0	0	0	0	0	0	0	0	0	0	0	0	0	0	0	0	0	10.48313019
1.677815675689	144.2383136	1960.600849	1.895	147.4568059	1963.022595	1.895	4.027846159	147.4568059	1963.022595	1.895	4.027846159	0	0	0	0	0	0	0	0	0	0	0	0	0	0	0	0	0	0	0	10.46759141
1.777815675689	144.959643	1959.836048	1.895	138.6564205	1954.640077	1.895	8.168765305	138.6564205	1954.640077	1.895	8.168765305	0	0	0	0	0	0	0	0	0	0	0	0	0	0	0	0	0	0	0	10.48158792
1.877815675689	145.7028639	1959.09712	1.895	152.6853397	1970.490466	1.895	13.36275858	152.6853397	1970.490466	1.895	13.36275858	0	0	0	0	0	0	0	0	0	0	0	0	0	0	0	0	0	0	0	10.45214224
1.977815675689	146.4626102	1958.368815	1.895	155.8741834	1972.287642	1.895	16.80212624	155.8741834	1972.287642	1.895	16.80212624	0	0	0	0	0	0	0	0	0	0	0	0	0	0	0	0	0	0	0	10.49298246
2.077815675689	147.2197147	1957.643044	1.895	138.1449567	1958.239542	1.895	9.094341302	138.1449567	1958.239542	1.895	9.094341302	0	0	0	0	0	0	0	0	0	0	0	0	0	0	0	0	0	0	0	10.45649564
2.177815675689	147.9782545	1956.915896	1.895	153.7904603	1962.76828	1.895	8.248159208	153.7904603	1962.76828	1.895	8.248159208	0	0	0	0	0	0	0	0	0	0	0	0	0	0	0	0	0	0	0	10.4763196
2.277815675689	148.7356833	1956.189814	1.895	141.5015366	1948.977484	1.895	10.21521313	141.5015366	1948.977484	1.895	10.21521313	0	0	0	0	0	0	0	0	0	0	0	0	0	0	0	0	0	0	0	10.46097354
2.377815675689	149.493621	1955.463243	1.895	159.7306904	1952.742244	1.895	10.59251766	159.7306904	1952.742244	1.895	10.59251766	0	0	0	0	0	0	0	0	0	0	0	0	0	0	0	0	0	0	0	10.46800395
2.477815675689	150.2504555	1954.737731	1.895	155.969497	1955.001285	1.895	5.725111089	155.969497	1955.001285	1.895	5.725111089	0	0	0	0	0	0	0	0	0	0	0	0	0	0	0	0	0	0	0	10.45276655
2.577815675689	151.0092087	1954.010378	1.895	151.5418234	1945.459053	1.895	8.567896442	151.5418234	1945.459053	1.895	8.567896442	0	0	0	0	0	0	0	0	0	0	0	0	0	0	0	0	0	0	0	10.4792669
2.677815675689	151.7666602	1953.284274	1.895	155.7287031	1942.564565	1.895	11.42847053	155.7287031	1942.564565	1.895	11.42847053	0	0	0	0	0	0	0	0	0	0	0	0	0	0	0	0	0	0	0	10.46128832
2.777815675689	152.5248568	1952.557456	1.895	148.4747596	1962.726945	1.895	10.94631438	148.4747596	1962.726945	1.895	10.94631438	0	0	0	0	0	0	0	0	0	0	0	0	0	0	0	0	0	0	0	10.4715783
2.877815675689	153.2828752	1951.830808	1.895	148.3680779	1953.881523	1.895	5.325473076	148.3680779	1953.881523	1.895	5.325473076	0	0	0	0	0	0	0	0	0	0	0	0	0	0	0	0	0	0	0	10.46911822
2.977815675689	154.0408962	1951.104158	1.895	155.5148401	1953.9879	1.895	3.238592161	155.5148401	1953.9879	1.895	3.238592161	0	0	0	0	0	0	0	0	0	0	0	0	0	0	0	0	0	0	0	10.4691533
3.077815675689	154.7986822	1950.377733	1.895	142.0467929	1941.381316	1.895	15.60596658	142.0467929	1941.381316	1.895	15.60596658	0	0	0	0	0	0	0	0	0	0	0	0	0	0	0	0	0	0	0	10.46590899
3.177815675689	155.5573545	1949.650458	1.895	160.6281399	1943.66107	1.895	7.847651575	160.6281399	1943.66107	1.895	7.847651575	0	0	0	0	0	0	0	0	0	0	0	0	0	0	0	0	0	0	0	10.4781484
3.277815675689	156.3173909	1948.921876	1.895	170.6388218	1947.541239	1.895	14.38782614	170.6388218	1947.541239	1.895	14.38782614	0	0	0	0	0	0	0	0	0	0	0	0	0	0	0	0	0	0	0	10.49698873
3.377815675689	157.0759413	1948.196207	1.895	157.2568719	1943.561838	1.895	4.637899128	157.2568719	1943.561838	1.895	4.637899128	0	0	0	0	0	0	0	0	0	0	0	0	0	0	0	0	0	0	0	10.46646811
3.477815675689	157.8718706	1947.507543	1.895	151.5888653	1942.106736	1.895	8.285220154	151.5888653	1942.106736	1.895	8.285220154	0	0	0	0	0	0	0	0	0	0	0	0	0	0	0	0	0	0	0	10.49355369
3.577815675689	158.6669095	1946.819649	1.895	160.6418038	1959.970272	1.895	13.29808624	160.6418038	1959.970272	1.895	13.29808624	0	0	0	0	0	0	0	0	0	0	0	0	0	0	0	0	0	0	0	10.48181446
3.677815675689	159.4616644	1946.132001	1.895	164.4140177	1953.509375	1.895	8.885462716	164.4140177	1953.509375	1.895	8.885462716	0	0	0	0	0	0	0	0	0	0	0	0	0	0	0	0	0	0	0	10.47806992
3.777815675689	160.2576957	1945.443248	1.895	163.0139365	1945.028904	1.895	2.787211003	163.0139365	1945.028904	1.895	2.787211003	0	0	0	0	0	0	0	0	0	0	0	0	0	0	0	0	0	0	0	10.49489776
3.877815675689	161.0535021	1944.75469	1.895	152.6384063	1949.592964	1.895	9.706839506	152.6384063	1949.592964	1.895	9.706839506	0	0	0	0	0	0	0	0	0	0	0	0	0	0	0	0	0	0	0	10.49193452
3.977815675689	161.8489598	1944.066434	1.895	158.3395351	1932.674075	1.895	11.92065006	158.3395351	1932.674075	1.895	11.92065006	0	0	0	0	0	0	0	0	0	0	0	0	0	0	0	0	0	0	0	10.48733542
4.077815675689	162.6444511	1943.378149	1.895	163.7863778	1944.91432	1.895	1.914110009	163.7863778	1944.91432	1.895	1.914110009	0	0	0	0	0	0	0	0	0	0	0	0	0	0	0	0	0	0	0	10.48777872
4.177815675689	163.4404508	1942.689424	1.895	164.2540234	1949.726584	1.895	7.084033145	164.2540234	1949.726584	1.895	7.084033145	0	0	0	0	0	0	0	0	0	0	0	0	0	0	0	0	0	0	0	10.49448124
4.277815675689	164.2354706	1942.001546	1.895	174.7718037	1932.357425	1.895	14.28367529	174.7718037	1932.357425	1.895	14.28367529	0	0	0	0	0	0	0	0	0	0	0	0	0	0	0	0	0	0	0	10.48156374
4.377815675689	165.028711	1941.315208	1.895	167.7582415	1947.681518	1.895	6.926776655	167.7582415	1947.681518	1.895	6.926776655	0	0	0	0	0	0	0	0	0	0	0	0	0	0	0	0	0	0	0	10.45810275
4.477815675689	165.8233519	1940.627659	1.895	168.4315882	1952.280392	1.895	11.94106703	168.4315882	1952.280392	1.895	11.94106703	0	0	0	0	0	0	0	0	0	0	0	0	0	0	0	0	0	0	0	10.47656744
4.577815675689	166.6169666	1939.940997	1.895	164.9028105	1932.18006	1.895	7.947985679	164.9028105	1932.18006	1.895	7.947985679	0	0	0	0	0	0	0	0	0	0	0	0	0	0	0	0	0	0	0	10.46303682
4.677815675689	167.412929	1939.252304	1.895	157.3318658	1923.484697	1.895	18.71484098	157.3318658	1923.484697	1.895	18.71484098	0	0	0	0	0	0	0	0	0	0	0	0	0	0	0	0	0	0	0	10.49399017
4.777815675689	168.2081413	1938.564261	1.895	164.9500159	1932.222349	1.895	7.129882761	164.9500159	1932.222349	1.895	7.129882761	0	0	0	0	0	0	0	0	0	0	0	0	0	0	0	0	0	0	0	10.48410084
4.877815675689	169.0019334	1937.877445	1.895	177.7144182	1942.801915	1.895	10.0078865	177.7144182	1942.801915	1.895	10.0078865	0	0	0	0	0	0	0	0	0	0	0	0	0	0	0	0	0	0	0	10.46537639
4.977815675689	169.7963672	1937.190075	1.895	175.1679269	1930.379203	1.895	8.674193264	175.1679269	1930.379203	1.895	8.674193264	0	0	0	0	0	0	0	0	0	0	0	0	0	0	0	0	0	0	0	10.4738376
5.077815675689	170.5892612	1936.504037	1.895	165.9837225	1932.059665	1.895	6.400268207	165.9837225	1932.059665	1.895	6.400268207	0	0	0	0	0	0	0	0	0	0	0	0	0	0	0	0	0	0	0	10.45353519
5.177815675689	171.3962629	1935.828652	1.895	169.9006733	1930.446831	1.895	5.585766325	169.9006733	1930.446831	1.895	5.585766325	0	0	0	0	0	0	0	0	0	0	0	0	0	0	0	0	0	0	0	10.49341011
5.277815675689	172.2154932	1935.168311	1.895	171.3000381	1951.518939	1.895	16.37623627	171.3000381	1951.518939	1.895	16.37623627	0	0	0	0	0	0	0	0	0	0	0	0	0	0	0	0	0	0	0	10.49084043
5.377815675689	173.0322021	1934.510002	1.895	185.715393	1929.095483	1.895	13.79058886	185.715393	1929.095483	1.895	13.79058886	0	0	0	0	0	0	0	0	0	0	0	0	0	0	0	0	0	0	0	10.458553
5.477815675689	173.8510934	1933.849933	1.895	176.5715744	1936.164167	1.895	3.571651537	176.5715744	1936.164167	1.895	3.571651537	0	0	0	0	0	0	0	0	0	0	0	0	0	0	0	0	0	0	0	10.4864996
5.577815675689	174.6700677	1933.189798	1.895	176.0224171	1929.712218	1.895	3.731274759	176.0224171	1929.712218	1.895	3.731274759	0	0	0	0	0	0	0	0	0	0	0	0	0	0	0	0	0	0	0	10.48756234
5.677815675689	175.4877789	1932.530681	1.895	178.5095942	1920.883603	1.895	12.03269673	178.5095942	1920.883603	1.895	12.03269673	0	0	0	0	0	0	0	0	0	0	0	0	0	0	0	0	0	0	0	10.4713874
5.777815675689	176.3059786	1931.87117	1.895	171.4817444	1932.706278	1.895	4.895982136	171.4817444	1932.706278	1.895	4.895982136	0	0	0	0	0	0	0	0	0	0	0	0	0	0	0	0	0	0	0	10.47764373
5.877815675689	177.1247628	1931.211188	1.895	171.2557039	1925.11638	1.895	8.461237062	171.2557039	1925.11638	1.895	8.461237062	0	0	0	0	0	0	0	0	0	0	0	0	0	0	0	0	0	0	0	10.48512815
5.977815675689	177.9412681	1930.553043	1.895	172.4291657	1930.430201	1.895	5.51347103	172.4291657	1930.430201	1.895	5.51347103	0	0	0	0	0	0	0	0	0	0	0	0	0	0	0	0	0	0	0	10.45594484
6.077815675689	178.7585096	1929.894305	1.895	179.3560589	1937.575019	1.895	7.703923653	179.3560589	1937.575019	1.895	7.703923653	0	0	0	0	0	0	0	0	0	0	0	0	0	0	0	0	0	0	0	10.46537342
6.177815675689	179.5747221	1929.236395	1.895	171.506333	1928.672637	1.895	8.088060723	171.506333	1928.672637	1.895	8.088060723	0	0	0	0	0	0	0	0	0	0	0	0	0	0	0	0	0	0	0	10.45219582
6.277815675689	180.3934902	1928.576426	1.895	186.5568195	1930.695967	1.895	6.51759766	186.5568195	1930.695967	1.895	6.51759766	0	0	0	0	0	0	0	0	0	0	0	0	0	0	0	0	0	0	0	10.48492126
6.377815675689	181.2117616	1927.916858	1.895	189.7260719	1923.669195	1.895	9.515047112	189.7260719	1923.669195	1.895	9.515047112	0	0	0	0	0	0	0	0	0	0	0	0	0	0	0	0	0	0	0	10.47856157
6.477815675689	182.0294	1927.257799	1.895	175.9183775	1930.962168	1.895	7.146114002	175.9183775	1930.962168	1.895	7.146114002	0	0	0	0	0	0	0	0	0	0	0	0	0	0	0	0	0	0	0	10.47045636
6.577815675689	182.8476611	1926.598239	1.895	190.3044158	1924.16535	1.895	7.843605039	190.3044158	1924.16535	1.895	7.843605039	0	0	0	0	0	0	0	0	0	0	0	0	0	0	0	0	0	0	0	10.47842908
6.677815675689	183.6641241	1925.940128	1.895	184.4588679	1925.292738	1.895	1.025051615	184.4588679	1925.292738	1.895	1.025051615	0	0	0	0	0	0	0	0	0	0	0	0	0	0	0	0	0	0	0	10.45540383
6.777815675689	184.4985489	1925.305452	1.895	190.6199203	1927.405902	1.895	6.471713619	190.6199203	1927.405902	1.895	6.471713619	0	0	0	0	0	0	0	0	0	0	0	0	0	0	0	0	0	0	0	10.45402587
6.877815675689	185.3405228	1924.680111	1.895	203.3859402	1926.009323	1.895	18.0943055	203.3859402	1926.009323	1.895	18.0943055	0	0	0	0	0	0	0	0	0	0	0	0	0	0	0	0	0	0	0	10.4565937
6.977815675689	186.1825778	1924.054709	1.895	180.5407975	1916.298176	1.895	9.591323332	180.5407975	1916.298176	1.895	9.591323332	0	0	0	0	0	0	0	0	0	0	0	0	0	0	0	0	0	0	0	10.45759959
7.077815675689	187.0277684	1923.426978	1.895	182.7055	1925.75459	1.895	4.909152643	182.7055	1925.75459	1.895	4.909152643	0	0	0	0	0	0	0	0	0	0	0	0	0	0	0	0	0	0	0	10.49654165
7.177815675689	187.8697493	1922.801631	1.895	195.17222	1916.330459	1.895	9.757158762	195.17222	1916.330459	1.895	9.757158762	0	0	0	0	0	0	0	0	0	0	0	0	0	0	0	0	0	0	0	10.45668088
7.277815675689	188.7137691	1922.17477	1.895	197.0562867	1917.691858	1.895	9.470697197	197.0562867	1917.691858	1.895	9.470697197	0	0	0	0	0	0	0	0	0	0	0	0	0	0	0	0	0	0	0	10.4820011
7.377815675689	189.5590194	1921.546995	1.895	198.648109	1913.821445	1.895	11.92877517	198.648109	1913.821445	1.895	11.92877517	0	0	0	0	0	0	0	0	0	0	0	0	0	0	0	0	0	0	0	10.4972831
7.477815675689	190.4035869	1920.919727	1.895	190.1965592	1931.753651	1.895	10.83590152	190.1965592	1931.753651	1.895	10.83590152	0	0	0	0	0	0	0	0	0	0	0	0	0	0	0	0	0	0	0	10.48880377
7.577815675689	191.2489278	1920.291885	1.895	193.1338548	1920.007119	1.895	1.906316258	193.1338548	1920.007119	1.895	1.906316258	0	0	0	0	0	0	0	0	0	0	0	0	0	0	0	0	0	0	0	10.49840805
7.677815675689	192.0934391	1919.664659	1.895	194.0413457	1908.751227	1.895	11.085907	194.0413457	1908.751227	1.895	11.085907	0	0	0	0	0	0	0	0	0	0	0	0	0	0	0	0	0	0	0	10.48810536
