0.177815675689	133.4274737	1972.063218	1.895	142.4661364	1965.197009	1.895	11.35087005	142.4661364	1965.197009	1.895	11.35087005	0	0	0	0	0	0	0	0	0	0	0	0	0	0	0	0	0	0	0	10.5
0.277815675689	134.1471651	1971.300154	1.895	138.8693914	1976.340336	1.895	6.90672545	138.8693914	1976.340336	1.895	6.90672545	0	0	0	0	0	0	0	0	0	0	0	0	0	0	0	0	0	0	0	10.45778671
0.377815675689	134.8668095	1970.537139	1.895	135.9199537	1978.985493	1.895	8.513741596	135.9199537	1978.985493	1.895	8.513741596	0	0	0	0	0	0	0	0	0	0	0	0	0	0	0	0	0	0	0	10.45710272
0.477815675689	135.5864906	1969.774085	1.895	145.1814267	1966.811413	1.895	10.04192347	145.1814267	1966.811413	1.895	10.04192347	0	0	0	0	0	0	0	0	0	0	0	0	0	0	0	0	0	0	0	10.45763741
0.577815675689	136.3069415	1969.010216	1.895	135.8801614	1981.613284	1.895	12.61029226	135.8801614	1981.613284	1.895	12.61029226	0	0	0	0	0	0	0	0	0	0	0	0	0	0	0	0	0	0	0	10.46882182
0.677815675689	137.0282154	1968.245473	1.895	144.3731374	1968.350014	1.895	7.345666025	144.3731374	1968.350014	1.895	7.345666025	0	0	0	0	0	0	0	0	0	0	0	0	0	0	0	0	0	0	0	10.48078091
0.777815675689	137.7497881	1967.480414	1.895	142.4348406	1963.404986	1.895	6.20957568	142.4348406	1963.404986	1.895	6.20957568	0	0	0	0	0	0	0	0	0	0	0	0	0	0	0	0	0	0	0	10.48512327
0.877815675689	138.4721894	1966.714476	1.895	136.259254	1970.02953	1.895	3.985807856	136.259254	1970.02953	1.895	3.985807856	0	0	0	0	0	0	0	0	0	0	0	0	0	0	0	0	0	0	0	10.49716435
0.977815675689	139.1938477	1965.949326	1.895	132.5303951	1970.723997	1.895	8.197504526	132.5303951	1970.723997	1.895	8.197504526	0	0	0	0	0	0	0	0	0	0	0	0	0	0	0	0	0	0	0	10.48636719
1.077815675689	139.9148006	1965.184924	1.895	132.5168865	1950.413515	1.895	16.52040097	132.5168865	1950.413515	1.895	16.52040097	0	0	0	0	0	0	0	0	0	0	0	0	0	0	0	0	0	0	0	10.47611674
1.177815675689	140.6346025	1964.421742	1.895	136.5865886	1962.307514	1.895	4.566878479	136.5865886	1962.307514	1.895	4.566878479	0	0	0	0	0	0	0	0	0	0	0	0	0	0	0	0	0	0	0	10.45939156
1.277815675689	141.3555474	1963.657349	1.895	136.0168502	1952.534581	1.895	12.33765201	136.0168502	1952.534581	1.895	12.33765201	0	0	0	0	0	0	0	0	0	0	0	0	0	0	0	0	0	0	0	10.47600114
1.377815675689	142.0767923	1962.892637	1.895	153.3868867	1968.68769	1.895	12.70829914	153.3868867	1968.68769	1.895	12.70829914	0	0	0	0	0	0	0	0	0	0	0	0	0	0	0	0	0	0	0	10.48036076
1.477815675689	142.7965119	1962.129543	1.895	132.4865935	1970.572941	1.895	13.32611724	132.4865935	1970.572941	1.895	13.32611724	0	0	0	0	0	0	0	0	0	0	0	0	0	0	0	0	0	0	0	10.45819606
1.577815675689	143.5179475	1961.364629	1.895	138.2504668	1950.18684	1.895	12.35675219	138.2504668	1950.18684	1.895	12.35675219	0	0	0	0	0	0	0	0	0	0	0	0	0	0	0	0	0	0	0	10.48313019
1.677815675689	144.2383136	1960.600849	1.895	147.4568059	1963.022595	1.895	4.027846159	147.4568059	1963.022595	1.895	4.027846159	0	0	0	0	0	0	0	0	0	0	0	0	0	0	0	0	0	0	0	10.46759141
1.777815675689	144.959643	1959.836048	1.895	138.6564205	1954.640077	1.895	8.168765305	138.6564205	1954.640077	1.895	8.168765305	0	0	0	0	0	0	0	0	0	0	0	0	0	0	0	0	0	0	0	10.48158792
1.877815675689	145.7028639	1959.09712	1.895	152.6853397	1970.490466	1.895	13.36275858	152.6853397	1970.490466	1.895	13.36275858	0	0	0	0	0	0	0	0	0	0	0	0	0	0	0	0	0	0	0	10.45214224
1.977815675689	146.4626102	1958.368815	1.895	155.8741834	1972.287642	1.895	16.80212624	155.8741834	1972.287642	1.895	16.80212624	0	0	0	0	0	0	0	0	0	0	0	0	0	0	0	0	0	0	0	10.49298246
2.077815675689	147.2197147	1957.643044	1.895	138.1449567	1958.239542	1.895	9.094341302	138.1449567	1958.239542	1.895	9.094341302	0	0	0	0	0	0	0	0	0	0	0	0	0	0	0	0	0	0	0	10.45649564
2.177815675689	147.9782545	1956.915896	1.895	153.7904603	1962.76828	1.895	8.248159208	153.7904603	1962.76828	1.895	8.248159208	0	0	0	0	0	0	0	0	0	0	0	0	0	0	0	0	0	0	0	10.4763196
2.277815675689	148.7356833	1956.189814	1.895	141.5015366	1948.977484	1.895	10.21521313	141.5015366	1948.977484	1.895	10.21521313	0	0	0	0	0	0	0	0	0	0	0	0	0	0	0	0	0	0	0	10.46097354
2.377815675689	149.493621	1955.463243	1.895	159.7306904	1952.742244	1.895	10.59251766	159.7306904	1952.742244	1.895	10.59251766	0	0	0	0	0	0	0	0	0	0	0	0	0	0	0	0	0	0	0	10.46800395
2.477815675689	150.2504555	1954.737731	1.895	155.969497	1955.001285	1.895	5.725111089	155.969497	1955.001285	1.895	5.725111089	0	0	0	0	0	0	0	0	0	0	0	0	0	0	0	0	0	0	0	10.45276655
2.577815675689	151.0092087	1954.010378	1.895	151.5418234	1945.459053	1.895	8.567896442	151.5418234	1945.459053	1.895	8.567896442	0	0	0	0	0	0	0	0	0	0	0	0	0	0	0	0	0	0	0	10.4792669
2.677815675689	151.7666602	1953.284274	1.895	155.7287031	1942.564565	1.895	11.42847053	155.7287031	1942.564565	1.895	11.42847053	0	0	0	0	0	0	0	0	0	0	0	0	0	0	0	0	0	0	0	10.46128832
2.777815675689	152.5248568	1952.557456	1.895	148.4747596	1962.726945	1.895	10.94631438	148.4747596	1962.726945	1.895	10.94631438	0	0	0	0	0	0	0	0	0	0	0	0	0	0	0	0	0	0	0	10.4715783
2.877815675689	153.2828752	1951.830808	1.895	148.3680779	1953.881523	1.895	5.325473076	148.3680779	1953.881523	1.895	5.325473076	0	0	0	0	0	0	0	0	0	0	0	0	0	0	0	0	0	0	0	10.46911822
2.977815675689	154.0408962	1951.104158	1.895	155.5148401	1953.9879	1.895	3.238592161	155.5148401	1953.9879	1.895	3.238592161	0	0	0	0	0	0	0	0	0	0	0	0	0	0	0	0	0	0	0	10.4691533
3.077815675689	154.7986822	1950.377733	1.895	142.0467929	1941.381316	1.895	15.60596658	142.0467929	1941.381316	1.895	15.60596658	0	0	0	0	0	0	0	0	0	0	0	0	0	0	0	0	0	0	0	10.46590899
3.177815675689	155.5573545	1949.650458	1.895	160.6281399	1943.66107	1.895	7.847651575	160.6281399	1943.66107	1.895	7.847651575	0	0	0	0	0	0	0	0	0	0	0	0	0	0	0	0	0	0	0	10.4781484
3.277815675689	156.3173909	1948.921876	1.895	170.6388218	1947.541239	1.895	14.38782614	170.6388218	1947.541239	1.895	14.38782614	0	0	0	0	0	0	0	0	0	0	0	0	0	0	0	0	0	0	0	10.49698873
3.377815675689	157.0759413	1948.196207	1.895	157.2568719	1943.561838	1.895	4.637899128	157.2568719	1943.561838	1.895	4.637899128	0	0	0	0	0	0	0	0	0	0	0	0	0	0	0	0	0	0	0	10.46646811
3.477815675689	157.8718706	1947.507543	1.895	151.5888653	1942.106736	1.895	8.285220154	151.5888653	1942.106736	1.895	8.285220154	0	0	0	0	0	0	0	0	0	0	0	0	0	0	0	0	0	0	0	10.49355369
3.577815675689	158.6669095	1946.819649	1.895	160.6418038	1959.970272	1.895	13.29808624	160.6418038	1959.970272	1.895	13.29808624	0	0	0	0	0	0	0	0	0	0	0	0	0	0	0	0	0	0	0	10.48181446
3.677815675689	159.4616644	1946.132001	1.895	164.4140177	1953.509375	1.895	8.885462716	164.4140177	1953.509375	1.895	8.885462716	0	0	0	0	0	0	0	0	0	0	0	0	0	0	0	0	0	0	0	10.47806992
3.777815675689	160.2576957	1945.443248	1.895	163.0139365	1945.028904	1.895	2.787211003	163.0139365	1945.028904	1.895	2.787211003	0	0	0	0	0	0	0	0	0	0	0	0	0	0	0	0	0	0	0	10.49489776
3.877815675689	161.0535021	1944.75469	1.895	152.6384063	1949.592964	1.895	9.706839506	152.6384063	1949.592964	1.895	9.706839506	0	0	0	0	0	0	0	0	0	0	0	0	0	0	0	0	0	0	0	10.49193452
3.977815675689	161.8489598	1944.066434	1.895	158.3395351	1932.674075	1.895	11.92065006	158.3395351	1932.674075	1.895	11.92065006	0	0	0	0	0	0	0	0	0	0	0	0	0	0	0	0	0	0	0	10.48733542
4.077815675689	162.6444511	1943.378149	1.895	163.7863778	1944.91432	1.895	1.914110009	163.7863778	1944.91432	1.895	1.914110009	0	0	0	0	0	0	0	0	0	0	0	0	0	0	0	0	0	0	0	10.48777872
4.177815675689	163.4404508	1942.689424	1.895	164.2540234	1949.726584	1.895	7.084033145	164.2540234	1949.726584	1.895	7.084033145	0	0	0	0	0	0	0	0	0	0	0	0	0	0	0	0	0	0	0	10.49448124
4.277815675689	164.2354706	1942.001546	1.895	174.7718037	1932.357425	1.895	14.28367529	174.7718037	1932.357425	1.895	14.28367529	0	0	0	0	0	0	0	0	0	0	0	0	0	0	0	0	0	0	0	10.48156374
4.377815675689	165.028711	1941.315208	1.895	167.7582415	1947.681518	1.895	6.926776655	167.7582415	1947.681518	1.895	6.926776655	0	0	0	0	0	0	0	0	0	0	0	0	0	0	0	0	0	0	0	10.45810275
4.477815675689	165.8233519	1940.627659	1.895	168.4315882	1952.280392	1.895	11.94106703	168.4315882	1952.280392	1.895	11.94106703	0	0	0	0	0	0	0	0	0	0	0	0	0	0	0	0	0	0	0	10.47656744
4.577815675689	166.6169666	1939.940997	1.895	164.9028105	1932.18006	1.895	7.947985679	164.9028105	1932.18006	1.895	7.947985679	0	0	0	0	0	0	0	0	0	0	0	0	0	0	0	0	0	0	0	10.46303682
4.677815675689	167.412929	1939.252304	1.895	157.3318658	1923.484697	1.895	18.71484098	157.3318658	1923.484697	1.895	18.71484098	0	0	0	0	0	0	0	0	0	0	0	0	0	0	0	0	0	0	0	10.49399017
4.777815675689	168.2081413	1938.564261	1.895	164.9500159	1932.222349	1.895	7.129882761	164.9500159	1932.222349	1.895	7.129882761	0	0	0	0	0	0	0	0	0	0	0	0	0	0	0	0	0	0	0	10.48410084
4.877815675689	169.0019334	1937.877445	1.895	177.7144182	1942.801915	1.895	10.0078865	177.7144182	1942.801915	1.895	10.0078865	0	0	0	0	0	0	0	0	0	0	0	0	0	0	0	0	0	0	0	10.46537639
4.977815675689	169.7963672	1937.190075	1.895	175.1679269	1930.379203	1.895	8.674193264	175.1679269	1930.379203	1.895	8.674193264	0	0	0	0	0	0	0	0	0	0	0	0	0	0	0	0	0	0	0	10.4738376
5.077815675689	170.5892612	1936.504037	1.895	165.9837225	1932.059665	1.895	6.400268207	165.9837225	1932.059665	1.895	6.400268207	0	0	0	0	0	0	0	0	0	0	0	0	0	0	0	0	0	0	0	10.45353519
5.177815675689	171.3962629	1935.828652	1.895	169.9006733	1930.446831	1.895	5.585766325	169.9006733	1930.446831	1.895	5.585766325	0	0	0	0	0	0	0	0	0	0	0	0	0	0	0	0	0	0	0	10.49341011
5.277815675689	172.2154932	1935.168311	1.895	171.3000381	1951.518939	1.895	16.37623627	171.3000381	1951.518939	1.895	16.37623627	0	0	0	0	0	0	0	0	0	0	0	0	0	0	0	0	0	0	0	10.49084043
5.377815675689	173.0322021	1934.510002	1.895	185.715393	1929.095483	1.895	13.79058886	185.715393	1929.095483	1.895	13.79058886	0	0	0	0	0	0	0	0	0	0	0	0	0	0	0	0	0	0	0	10.458553
5.477815675689	173.8510934	1933.849933	1.895	176.5715744	1936.164167	1.895	3.571651537	176.5715744	1936.164167	1.895	3.571651537	0	0	0	0	0	0	0	0	0	0	0	0	0	0	0	0	0	0	0	10.4864996
5.577815675689	174.6700677	1933.189798	1.895	176.0224171	1929.712218	1.895	3.731274759	176.0224171	1929.712218	1.895	3.731274759	0	0	0	0	0	0	0	0	0	0	0	0	0	0	0	0	0	0	0	10.48756234
5.677815675689	175.4877789	1932.530681	1.895	178.5095942	1920.883603	1.895	12.03269673	178.5095942	1920.883603	1.895	12.03269673	0	0	0	0	0	0	0	0	0	0	0	0	0	0	0	0	0	0	0	10.4713874
5.777815675689	176.3059786	1931.87117	1.895	171.4817444	1932.706278	1.895	4.895982136	171.4817444	1932.706278	1.895	4.895982136	0	0	0	0	0	0	0	0	0	0	0	0	0	0	0	0	0	0	0	10.47764373
5.877815675689	177.1247628	1931.211188	1.895	171.2557039	1925.11638	1.895	8.461237062	171.2557039	1925.11638	1.895	8.461237062	0	0	0	0	0	0	0	0	0	0	0	0	0	0	0	0	0	0	0	10.48512815
5.977815675689	177.9412681	1930.553043	1.895	172.4291657	1930.430201	1.895	5.51347103	172.4291657	1930.430201	1.895	5.51347103	0	0	0	0	0	0	0	0	0	0	0	0	0	0	0	0	0	0	0	10.45594484
6.077815675689	178.7585096	1929.894305	1.895	179.3560589	1937.575019	1.895	7.703923653	179.3560589	1937.575019	1.895	7.703923653	0	0	0	0	0	0	0	0	0	0	0	0	0	0	0	0	0	0	0	10.46537342
6.177815675689	179.5747221	1929.236395	1.895	171.506333	1928.672637	1.895	8.088060723	171.506333	1928.672637	1.895	8.088060723	0	0	0	0	0	0	0	0	0	0	0	0	0	0	0	0	0	0	0	10.45219582
6.277815675689	180.3934902	1928.576426	1.895	186.5568195	1930.695967	1.895	6.51759766	186.5568195	1930.695967	1.895	6.51759766	0	0	0	0	0	0	0	0	0	0	0	0	0	0	0	0	0	0	0	10.48492126
6.377815675689	181.2117616	1927.916858	1.895	189.7260719	1923.669195	1.895	9.515047112	189.7260719	1923.669195	1.895	9.515047112	0	0	0	0	0	0	0	0	0	0	0	0	0	0	0	0	0	0	0	10.47856157
6.477815675689	182.0294	1927.257799	1.895	175.9183775	1930.962168	1.895	7.146114002	175.9183775	1930.962168	1.895	7.146114002	0	0	0	0	0	0	0	0	0	0	0	0	0	0	0	0	0	0	0	10.47045636
6.577815675689	182.8476611	1926.598239	1.895	190.3044158	1924.16535	1.895	7.843605039	190.3044158	1924.16535	1.895	7.843605039	0	0	0	0	0	0	0	0	0	0	0	0	0	0	0	0	0	0	0	10.47842908
6.677815675689	183.6641241	1925.940128	1.895	184.4588679	1925.292738	1.895	1.025051615	184.4588679	1925.292738	1.895	1.025051615	0	0	0	0	0	0	0	0	0	0	0	0	0	0	0	0	0	0	0	10.45540383
6.777815675689	184.4985489	1925.305452	1.895	190.6199203	1927.405902	1.895	6.471713619	190.6199203	1927.405902	1.895	6.471713619	0	0	0	0	0	0	0	0	0	0	0	0	0	0	0	0	0	0	0	10.45402587
6.877815675689	185.3405228	1924.680111	1.895	203.3859402	1926.009323	1.895	18.0943055	203.3859402	1926.009323	1.895	18.0943055	0	0	0	0	0	0	0	0	0	0	0	0	0	0	0	0	0	0	0	10.4565937
6.977815675689	186.1825778	1924.054709	1.895	180.5407975	1916.298176	1.895	9.591323332	180.5407975	1916.298176	1.895	9.591323332	0	0	0	0	0	0	0	0	0	0	0	0	0	0	0	0	0	0	0	10.45759959
7.077815675689	187.0277684	1923.426978	1.895	182.7055	1925.75459	1.895	4.909152643	182.7055	1925.75459	1.895	4.909152643	0	0	0	0	0	0	0	0	0	0	0	0	0	0	0	0	0	0	0	10.49654165
7.177815675689	187.8697493	1922.801631	1.895	195.17222	1916.330459	1.895	9.757158762	195.17222	1916.330459	1.895	9.757158762	0	0	0	0	0	0	0	0	0	0	0	0	0	0	0	0	0	0	0	10.45668088
7.277815675689	188.7137691	1922.17477	1.895	197.0562867	1917.691858	1.895	9.470697197	197.0562867	1917.691858	1.895	9.470697197	0	0	0	0	0	0	0	0	0	0	0	0	0	0	0	0	0	0	0	10.4820011
7.377815675689	189.5590194	1921.546995	1.895	198.648109	1913.821445	1.895	11.92877517	198.648109	1913.821445	1.895	11.92877517	0	0	0	0	0	0	0	0	0	0	0	0	0	0	0	0	0	0	0	10.4972831
7.477815675689	190.4035869	1920.919727	1.895	190.1965592	1931.753651	1.895	10.83590152	190.1965592	1931.753651	1.895	10.83590152	0	0	0	0	0	0	0	0	0	0	0	0	0	0	0	0	0	0	0	10.48880377
7.577815675689	191.2489278	1920.291885	1.895	193.1338548	1920.007119	1.895	1.906316258	193.1338548	1920.007119	1.895	1.906316258	0	0	0	0	0	0	0	0	0	0	0	0	0	0	0	0	0	0	0	10.49840805
7.677815675689	192.0934391	1919.664659	1.895	194.0413457	1908.751227	1.895	11.085907	194.0413457	1908.751227	1.895	11.085907	0	0	0	0	0	0	0	0	0	0	0	0	0	0	0	0	0	0	0	10.48810536
7.777815675689	192.9365331	1919.038485	1.895	197.0191936	1925.011875	1.895	7.235295449	197.0191936	1925.011875	1.895	7.235295449	0	0	0	0	0	0	0	0	0	0	0	0	0	0	0	0	0	0	0	10.4705045
7.877815675689	193.7811573	1918.411175	1.895	190.114748	1909.705551	1.895	9.446186815	190.114748	1909.705551	1.895	9.446186815	0	0	0	0	0	0	0	0	0	0	0	0	0	0	0	0	0	0	0	10.48950781
7.977815675689	194.6246518	1917.784705	1.895	193.6139868	1915.857697	1.895	2.175960268	193.6139868	1915.857697	1.895	2.175960268	0	0	0	0	0	0	0	0	0	0	0	0	0	0	0	0	0	0	0	10.47547706
8.077815675689	195.4683718	1917.158066	1.895	195.5025387	1921.757016	1.895	4.599076695	195.5025387	1921.757016	1.895	4.599076695	0	0	0	0	0	0	0	0	0	0	0	0	0	0	0	0	0	0	0	10.47827917
8.177815675689	196.3131178	1916.530666	1.895	204.0118279	1908.542583	1.895	11.09412483	204.0118279	1908.542583	1.895	11.09412483	0	0	0	0	0	0	0	0	0	0	0	0	0	0	0	0	0	0	0	10.49101982
8.277815675689	197.1549768	1915.905409	1.895	193.6993324	1899.516724	1.895	16.74904456	193.6993324	1899.516724	1.895	16.74904456	0	0	0	0	0	0	0	0	0	0	0	0	0	0	0	0	0	0	0	10.45516644
8.377815675689	198.0003627	1915.277534	1.895	199.8018867	1924.952888	1.895	9.841645148	199.8018867	1924.952888	1.895	9.841645148	0	0	0	0	0	0	0	0	0	0	0	0	0	0	0	0	0	0	0	10.49896745
8.477815675689	198.842486	1914.652081	1.895	213.2986069	1916.737041	1.895	14.60570074	213.2986069	1916.737041	1.895	14.60570074	0	0	0	0	0	0	0	0	0	0	0	0	0	0	0	0	0	0	0	10.45844758
8.577815675689	199.6927134	1914.032277	1.895	187.7423609	1924.650842	1.895	15.98639547	187.7423609	1924.650842	1.895	15.98639547	0	0	0	0	0	0	0	0	0	0	0	0	0	0	0	0	0	0	0	10.4907182
8.677815675689	200.5482262	1913.4244	1.895	199.4934893	1907.908618	1.895	5.61572081	199.4934893	1907.908618	1.895	5.61572081	0	0	0	0	0	0	0	0	0	0	0	0	0	0	0	0	0	0	0	10.46345721
8.777815675689	201.4058786	1912.815002	1.895	200.0037392	1902.087637	1.895	10.81861196	200.0037392	1902.087637	1.895	10.81861196	0	0	0	0	0	0	0	0	0	0	0	0	0	0	0	0	0	0	0	10.4896265
8.877815675689	202.2619804	1912.206707	1.895	193.9101972	1921.24932	1.895	12.30939181	193.9101972	1921.24932	1.895	12.30939181	0	0	0	0	0	0	0	0	0	0	0	0	0	0	0	0	0	0	0	10.47066078
8.977815675689	203.1175503	1911.598789	1.895	212.3868915	1901.418886	1.895	13.76775616	212.3868915	1901.418886	1.895	13.76775616	0	0	0	0	0	0	0	0	0	0	0	0	0	0	0	0	0	0	0	10.46415702
9.077815675689	203.9740557	1910.990207	1.895	208.653934	1918.590644	1.895	8.925688465	208.653934	1918.590644	1.895	8.925688465	0	0	0	0	0	0	0	0	0	0	0	0	0	0	0	0	0	0	0	10.47559719
9.177815675689	204.8288618	1910.382832	1.895	203.0407769	1906.332539	1.895	4.427428176	203.0407769	1906.332539	1.895	4.427428176	0	0	0	0	0	0	0	0	0	0	0	0	0	0	0	0	0	0	0	10.45481401
9.277815675689	205.686168	1909.77368	1.895	204.7994249	1908.621395	1.895	1.453985755	204.7994249	1908.621395	1.895	1.453985755	0	0	0	0	0	0	0	0	0	0	0	0	0	0	0	0	0	0	0	10.48539262
9.377815675689	206.5419299	1909.165626	1.895	210.2478759	1910.029487	1.895	3.805297761	210.2478759	1910.029487	1.895	3.805297761	0	0	0	0	0	0	0	0	0	0	0	0	0	0	0	0	0	0	0	10.46650417
9.477815675689	207.3984452	1908.557036	1.895	205.8983156	1898.522088	1.895	10.14645615	205.8983156	1898.522088	1.895	10.14645615	0	0	0	0	0	0	0	0	0	0	0	0	0	0	0	0	0	0	0	10.47571862
9.577815675689	208.2559986	1907.947709	1.895	200.7582351	1915.969725	1.895	10.9804001	200.7582351	1915.969725	1.895	10.9804001	0	0	0	0	0	0	0	0	0	0	0	0	0	0	0	0	0	0	0	10.48841492
9.677815675689	209.110925	1907.340249	1.895	202.5622329	1908.354161	1.895	6.626717546	202.5622329	1908.354161	1.895	6.626717546	0	0	0	0	0	0	0	0	0	0	0	0	0	0	0	0	0	0	0	10.4562856
9.777815675689	209.9680061	1906.731257	1.895	201.5172019	1909.193276	1.895	8.802137642	201.5172019	1909.193276	1.895	8.802137642	0	0	0	0	0	0	0	0	0	0	0	0	0	0	0	0	0	0	0	10.48263832
9.877815675689	210.8238924	1906.123115	1.895	198.8329393	1911.961688	1.895	13.33686222	198.8329393	1911.961688	1.895	13.33686222	0	0	0	0	0	0	0	0	0	0	0	0	0	0	0	0	0	0	0	10.46802637
9.977815675689	211.6803027	1905.5146	1.895	226.5889266	1898.85788	1.895	16.32724677	226.5889266	1898.85788	1.895	16.32724677	0	0	0	0	0	0	0	0	0	0	0	0	0	0	0	0	0	0	0	10.47443405
10.077815675689	212.5348753	1904.907391	1.895	211.2472329	1907.652215	1.895	3.031844998	211.2472329	1907.652215	1.895	3.031844998	0	0	0	0	0	0	0	0	0	0	0	0	0	0	0	0	0	0	0	10.45195827
10.177815675689	213.391711	1904.298573	1.895	219.4749414	1895.907884	1.895	10.36384917	219.4749414	1895.907884	1.895	10.36384917	0	0	0	0	0	0	220.9080205	1896.824116	1.895	10.60011439	0	0	0	0	0	0	0	0	0	10.47963794
10.277815675689	214.2498453	1903.688834	1.895	212.7710898	1907.481875	1.895	4.071103562	212.7710898	1907.481875	1.895	4.071103562	0	0	0	0	0	0	333.994087	2010.552511	1.895	160.4946382	0	0	0	0	0	0	0	0	0	10.49551985
10.377815675689	215.1053736	1903.080945	1.895	220.1207111	1907.781852	1.895	6.874018675	220.1207111	1907.781852	1.895	6.874018675	0	0	0	0	0	0	254.6889866	1945.386744	1.895	57.93654288	0	0	0	0	0	0	0	0	0	10.46364779
10.477815675689	215.9620095	1902.47227	1.895	220.3651682	1903.474555	1.895	4.515792554	220.3651682	1903.474555	1.895	4.515792554	0	0	0	0	0	0	310.6648235	1990.107256	1.895	129.02912	0	0	0	0	0	0	0	0	0	10.47719297
10.577815675689	216.8172864	1901.864561	1.895	202.9437101	1899.734565	1.895	14.03613192	202.9437101	1899.734565	1.895	14.03613192	0	0	0	0	0	0	215.4372702	1891.156381	1.895	10.7967377	0	0	0	0	0	0	0	0	0	10.46057272
10.677815675689	217.7018734	1901.296678	1.895	205.2100202	1899.751698	1.895	12.58703127	205.2100202	1899.751698	1.895	12.58703127	0	0	0	0	0	0	100.3925397	1786.489958	1.895	164.1403748	0	0	0	0	0	0	0	0	0	10.48130934
10.777815675689	218.5900334	1900.731148	1.895	211.8072185	1895.093509	1.895	8.819838625	211.8072185	1895.093509	1.895	8.819838625	0	0	0	0	0	0	134.0120827	1782.785491	1.895	145.1365139	0	0	0	0	0	0	0	0	0	10.49776939
10.877815675689	219.4743235	1900.168082	1.895	227.0255655	1897.815946	1.895	7.909096078	227.0255655	1897.815946	1.895	7.909096078	0	0	0	0	0	0	191.6845275	1857.89386	1.895	50.59034112	0	0	0	0	0	0	0	0	0	10.45202833
10.977815675689	220.3597898	1899.604267	1.895	218.1445968	1906.266738	1.895	7.021081926	218.1445968	1906.266738	1.895	7.021081926	0	0	0	0	0	0	211.4866041	1886.750817	1.895	15.61872652	0	0	0	0	0	0	0	0	0	10.46593037
11.077815675689	221.2443144	1899.041052	1.895	229.7682749	1887.345355	1.895	14.47229177	229.7682749	1887.345355	1.895	14.47229177	0	0	0	0	0	0	282.3409883	1946.328497	1.895	77.25869501	0	0	0	0	0	0	0	0	0	10.4548008
11.177815675689	222.1309752	1898.476477	1.895	228.2714085	1896.292253	1.895	6.517342791	228.2714085	1896.292253	1.895	6.517342791	0	0	0	0	0	0	271.5119583	2021.841241	1.895	132.8809483	0	0	0	0	0	0	0	0	0	10.48004873
11.277815675689	223.0166332	1897.91254	1.895	220.1985178	1891.058479	1.895	7.410798248	220.1985178	1891.058479	1.895	7.410798248	0	0	0	0	0	0	282.3205252	1983.976851	1.895	104.5180234	0	0	0	0	0	0	0	0	0	10.46819695
11.377815675689	223.902482	1897.348482	1.895	226.9391145	1890.568557	1.895	7.428898286	226.9391145	1890.568557	1.895	7.428898286	0	0	0	0	0	0	217.8319423	1869.428475	1.895	28.57233374	0	0	0	0	0	0	0	0	0	10.47045079
11.477815675689	224.7869861	1896.78528	1.895	217.920176	1896.823913	1.895	6.866918779	217.920176	1896.823913	1.895	6.866918779	0	0	0	0	0	0	244.4339752	1940.411006	1.895	47.84566993	0	0	0	0	0	0	0	0	0	10.45455781
11.577815675689	225.673541	1896.220772	1.895	222.6878531	1909.960098	1.895	14.05999296	222.6878531	1909.960098	1.895	14.05999296	0	0	0	0	0	0	238.4703327	1923.923265	1.895	30.51533961	0	0	0	0	0	0	0	0	0	10.47879839
11.677815675689	226.5603808	1895.656083	1.895	235.3915805	1902.140693	1.895	10.95628835	235.3915805	1902.140693	1.895	10.95628835	0	0	0	0	0	0	245.3231682	1917.04412	1.895	28.45154291	0	0	0	0	0	0	0	0	0	10.48216466
11.777815675689	227.4447307	1895.092979	1.895	221.4997653	1886.338631	1.895	10.58211803	221.4997653	1886.338631	1.895	10.58211803	0	0	0	0	0	0	238.6320108	1930.432447	1.895	37.06795414	0	0	0	0	0	0	0	0	0	10.45273492
11.877815675689	228.3329395	1894.527418	1.895	224.0003772	1900.446295	1.895	7.3351344	224.0003772	1900.446295	1.895	7.3351344	0	0	0	0	0	0	285.4989706	2002.780902	1.895	122.4204716	0	0	0	0	0	0	0	0	0	10.49834627
11.977815675689	229.2202172	1893.96245	1.895	218.822594	1889.85742	1.895	11.17863343	218.822594	1889.85742	1.895	11.17863343	0	0	0	0	0	0	-276.5205248	1437.184849	1.895	681.4832908	0	0	0	0	0	0	0	0	0	10.48734044
12.077815675689	230.1043765	1893.399468	1.895	235.3573668	1905.30017	1.895	13.00848231	235.3573668	1905.30017	1.895	13.00848231	0	0	0	0	0	0	199.3924387	1851.331937	1.895	52.08550897	0	0	0	0	0	0	0	0	0	10.45048275
12.177815675689	230.992449	1892.833994	1.895	224.2387621	1895.397837	1.895	7.223958787	224.2387621	1895.397837	1.895	7.223958787	0	0	0	0	0	0	206.1527492	1824.539653	1.895	72.67136789	0	0	0	0	0	0	0	0	0	10.49673479
12.277815675689	231.8771447	1892.266581	1.895	235.2670148	1885.928235	1.895	7.187896298	235.2670148	1885.928235	1.895	7.187896298	0	0	0	0	0	0	169.7314343	1804.557668	1.895	107.4939203	0	0	0	0	0	0	0	0	0	10.47879555
12.377815675689	232.7589666	1891.699339	1.895	233.7667066	1900.399733	1.895	8.758562252	233.7667066	1900.399733	1.895	8.758562252	0	0	0	0	0	0	210.9209224	1881.183762	1.895	24.23793571	0	0	0	0	0	0	0	0	0	10.45375165
12.477815675689	233.640873	1891.132041	1.895	236.8434985	1882.318273	1.895	9.377596479	236.8434985	1882.318273	1.895	9.377596479	0	0	0	0	0	0	215.8424474	1870.063552	1.895	27.58015972	0	0	0	0	0	0	0	0	0	10.45475258
12.577815675689	234.5236869	1890.56416	1.895	238.1752118	1898.973284	1.895	9.167715095	238.1752118	1898.973284	1.895	9.167715095	0	0	0	0	0	0	57.87532954	1675.236257	1.895	278.5152567	0	0	0	0	0	0	0	0	0	10.46551159
12.677815675689	235.4062519	1889.996439	1.895	241.452805	1896.631941	1.895	8.977231935	241.452805	1896.631941	1.895	8.977231935	0	0	0	0	0	0	151.6600323	1755.945989	1.895	158.0599648	0	0	0	0	0	0	0	0	0	10.46256059
12.777815675689	236.2898561	1889.42805	1.895	242.2001791	1881.805261	1.895	9.64566339	242.2001791	1881.805261	1.895	9.64566339	0	0	0	0	0	0	202.0798428	1861.001481	1.895	44.47915076	0	0	0	0	0	0	0	0	0	10.47488053
12.877815675689	237.1714967	1888.860924	1.895	243.2502129	1882.544061	1.895	8.76661534	243.2502129	1882.544061	1.895	8.76661534	0	0	0	0	0	0	240.0018218	1933.202782	1.895	44.43209565	0	0	0	0	0	0	0	0	0	10.45160172
12.977815675689	238.0566662	1888.291528	1.895	242.6923098	1893.908307	1.895	7.282678124	242.6923098	1893.908307	1.895	7.282678124	0	0	0	0	0	0	242.2508521	1917.421118	1.895	29.42998915	0	0	0	0	0	0	0	0	0	10.49343553
13.077815675689	238.9398915	1887.723382	1.895	231.0560145	1887.695906	1.895	7.883924861	231.0560145	1887.695906	1.895	7.883924861	0	0	0	0	0	0	237.5557316	1918.107463	1.895	30.41559259	0	0	0	0	0	0	0	0	0	10.47038848
13.177815675689	239.8245669	1887.154303	1.895	235.1586118	1882.775568	1.895	6.398785741	235.1586118	1882.775568	1.895	6.398785741	0	0	0	0	0	0	288.7566688	2015.409971	1.895	137.272965	0	0	0	0	0	0	0	0	0	10.48757933
13.277815675689	240.7063923	1886.587058	1.895	243.5988854	1873.323307	1.895	13.57547872	243.5988854	1873.323307	1.895	13.57547872	0	0	0	0	0	0	216.7624338	1885.61764	1.895	23.96357481	0	0	0	0	0	0	0	0	0	10.45379206
13.377815675689	241.5889939	1886.019314	1.895	252.7594915	1898.222608	1.895	16.54389362	252.7594915	1898.222608	1.895	16.54389362	0	0	0	0	0	0	221.3626434	1867.957087	1.895	27.11732468	0	0	0	0	0	0	0	0	0	10.46299512
13.477815675689	242.4710087	1885.451947	1.895	242.9005474	1880.096368	1.895	5.37277671	242.9005474	1880.096368	1.895	5.37277671	0	0	0	0	0	0	274.8647758	1928.949457	1.895	54.23457871	0	0	0	0	0	0	0	0	0	10.45603826
13.577815675689	243.3544943	1884.883634	1.895	242.9768411	1875.342475	1.895	9.548630277	242.9768411	1875.342475	1.895	9.548630277	0	0	0	0	0	0	170.6168514	1799.529431	1.895	112.1432326	0	0	0	0	0	0	0	0	0	10.47347314
13.677815675689	244.2390404	1884.314639	1.895	255.6510754	1885.833937	1.895	11.51272382	255.6510754	1885.833937	1.895	11.51272382	0	0	0	0	0	0	267.4794877	1966.286192	1.895	85.20242972	0	0	0	0	0	0	0	0	0	10.4860466
13.777815675689	245.1247522	1883.744893	1.895	255.9842132	1889.161689	1.895	12.13546728	255.9842132	1889.161689	1.895	12.13546728	0	0	0	0	0	0	265.917385	1875.497195	1.895	22.36868576	0	0	0	0	0	0	0	0	0	10.49986484
13.877815675689	246.0133097	1883.187252	1.895	253.858787	1889.626777	1.895	10.14982743	253.858787	1889.626777	1.895	10.14982743	0	0	0	0	0	0	210.0265223	1856.436411	1.895	44.84034355	0	0	0	0	0	0	0	0	0	10.45931607
13.977815675689	246.9045252	1882.632689	1.895	260.9672322	1883.346672	1.895	14.0808203	260.9672322	1883.346672	1.895	14.0808203	0	0	0	0	0	0	115.9143327	1725.45629	1.895	204.6041324	0	0	0	0	0	0	0	0	0	10.46530218
14.077815675689	247.7981272	1882.076641	1.895	250.6324196	1883.674451	1.895	3.253645768	250.6324196	1883.674451	1.895	3.253645768	0	0	0	0	0	0	289.2390869	1902.358115	1.895	46.13774307	0	0	0	0	0	0	0	0	0	10.49332693
14.177815675689	248.6887639	1881.522438	1.895	257.6319307	1887.59571	1.895	10.8104051	257.6319307	1887.59571	1.895	10.8104051	0	0	0	0	0	0	131.4098707	1754.990828	1.895	172.524164	0	0	0	0	0	0	0	0	0	10.45850513
14.277815675689	249.5791603	1880.968385	1.895	247.863707	1888.226829	1.895	7.458404231	247.863707	1888.226829	1.895	7.458404231	0	0	0	0	0	0	266.6770327	1915.498786	1.895	38.53162136	0	0	0	0	0	0	0	0	0	10.45568477
14.377815675689	250.4722772	1880.412639	1.895	251.3299561	1884.690658	1.895	4.363148542	251.3299561	1884.690658	1.895	4.363148542	0	0	0	0	0	0	310.4367084	1998.974111	1.895	132.8629208	0	0	0	0	0	0	0	0	0	10.48763006
14.477815675689	251.3641953	1879.857638	1.895	253.8490671	1889.569557	1.895	10.02476737	253.8490671	1889.569557	1.895	10.02476737	0	0	0	0	0	0	142.6495476	1701.748011	1.895	208.6669929	0	0	0	0	0	0	0	0	0	10.473553
14.577815675689	252.256969	1879.302106	1.895	258.3238356	1881.252329	1.895	6.372616567	258.3238356	1881.252329	1.895	6.372616567	0	0	0	0	0	0	181.4223556	1794.042812	1.895	110.8453409	0	0	0	0	0	0	0	0	0	10.4836006
14.677815675689	253.1495727	1878.746679	1.895	249.321549	1890.621165	1.895	12.47626541	249.321549	1890.621165	1.895	12.47626541	0	0	0	0	0	0	261.2368719	1903.965763	1.895	26.48408231	0	0	0	0	0	0	0	0	0	10.48160362
14.777815675689	254.0409363	1878.192024	1.895	257.4987333	1863.384812	1.895	15.20558679	257.4987333	1863.384812	1.895	15.20558679	0	0	0	0	0	0	98.27450331	1639.641933	1.895	284.902312	0	0	0	0	0	0	0	0	0	10.46704118
14.877815675689	254.9313179	1877.637979	1.895	249.4017011	1884.773815	1.895	9.027558309	249.4017011	1884.773815	1.895	9.027558309	0	0	0	0	0	0	261.0129972	1921.880783	1.895	44.65884556	0	0	0	0	0	0	0	0	0	10.45551032
14.977815675689	255.8232655	1877.082961	1.895	256.6186234	1866.111914	1.895	10.99983865	256.6186234	1866.111914	1.895	10.99983865	0	0	0	0	0	0	337.8950912	1975.654205	1.895	128.2656411	0	0	0	0	0	0	0	0	0	10.47390019
15.077815675689	256.7134511	1876.529038	1.895	258.805694	1875.292701	1.895	2.430228353	258.805694	1875.292701	1.895	2.430228353	0	0	0	0	0	0	283.0930734	1930.714256	1.895	60.26543219	0	0	0	0	0	0	0	0	0	10.4532084
15.177815675689	257.6072073	1875.972894	1.895	261.3370693	1874.121411	1.895	4.16411584	261.3370693	1874.121411	1.895	4.16411584	0	0	0	0	0	0	268.225603	1882.946894	1.895	12.70381838	0	0	0	0	0	0	0	0	0	10.4951371
15.277815675689	258.5008844	1875.4168	1.895	252.0029157	1885.617273	1.895	12.09434809	252.0029157	1885.617273	1.895	12.09434809	0	0	0	0	0	0	277.7252494	1908.403984	1.895	38.18023752	0	0	0	0	0	0	0	0	0	10.4942083
15.377815675689	259.398792	1874.87043	1.895	257.2887657	1877.380895	1.895	3.279427318	257.2887657	1877.380895	1.895	3.279427318	0	0	0	0	0	0	258.9024725	1902.226732	1.895	27.36080439	0	0	0	0	0	0	0	0	0	10.48000939
15.477815675689	260.305348	1874.335136	1.895	259.8949196	1874.493184	1.895	0.4398076033	259.8949196	1874.493184	1.895	0.4398076033	0	0	0	0	0	0	258.6801127	1872.852475	1.895	2.199925733	0	0	0	0	0	0	0	0	0	10.49649789
15.577815675689	261.2108201	1873.800482	1.895	254.0212801	1877.476484	1.895	8.07480535	254.0212801	1877.476484	1.895	8.07480535	0	0	0	0	0	0	308.7061983	1976.570018	1.895	113.2139063	0	0	0	0	0	0	0	0	0	10.48394785
15.677815675689	262.1172325	1873.265272	1.895	260.9165698	1864.116792	1.895	9.226932286	260.9165698	1864.116792	1.895	9.226932286	0	0	0	0	0	0	247.8103673	1842.984777	1.895	33.49021967	0	0	0	0	0	0	0	0	0	10.49483509
15.777815675689	263.0240085	1872.729848	1.895	273.5718048	1879.874428	1.895	12.73974204	273.5718048	1879.874428	1.895	12.73974204	0	0	0	0	0	0	294.8982424	1875.001427	1.895	31.95507567	0	0	0	0	0	0	0	0	0	10.49904386
15.877815675689	263.930435	1872.19463	1.895	267.8647299	1877.437705	1.895	6.555036593	267.8647299	1877.437705	1.895	6.555036593	0	0	0	0	0	0	253.8201536	1875.960077	1.895	10.78871542	0	0	0	0	0	0	0	0	0	10.4949993
15.977815675689	264.8353226	1871.660321	1.895	265.7919327	1862.244958	1.895	9.46383483	265.7919327	1862.244958	1.895	9.46383483	0	0	0	0	0	0	242.7500878	1829.103099	1.895	47.94658258	0	0	0	0	0	0	0	0	0	10.47717952
16.077815675689	265.738177	1871.127213	1.895	273.151894	1860.436461	1.895	13.00981871	273.151894	1860.436461	1.895	13.00981871	0	0	0	0	0	0	289.5559865	1901.643551	1.895	38.71091476	0	0	0	0	0	0	0	0	0	10.45363941
16.177815675689	266.6434612	1870.59267	1.895	260.8876045	1865.911271	1.895	7.419257561	260.8876045	1865.911271	1.895	7.419257561	0	0	0	0	0	0	185.0792473	1701.557441	1.895	187.6849214	0	0	0	0	0	0	0	0	0	10.48177277
16.277815675689	267.5496295	1870.057604	1.895	273.8563625	1870.213877	1.895	6.308668877	273.8563625	1870.213877	1.895	6.308668877	0	0	0	0	0	0	254.3727503	1815.189078	1.895	56.4285858	0	0	0	0	0	0	0	0	0	10.49200774
16.377815675689	268.4523147	1869.524596	1.895	270.1595589	1878.739681	1.895	9.371898569	270.1595589	1878.739681	1.895	9.371898569	0	0	0	0	0	0	324.2535906	1964.618866	1.895	110.2574381	0	0	0	0	0	0	0	0	0	10.4516805
16.477815675689	269.3591672	1868.989127	1.895	281.0623646	1880.347534	1.895	16.30883979	281.0623646	1880.347534	1.895	16.30883979	0	0	0	0	0	0	348.4294407	2007.368019	1.895	159.3763655	0	0	0	0	0	0	0	0	0	10.49993083
16.577815675689	270.2617423	1868.456183	1.895	262.0191975	1867.747335	1.895	8.27296864	262.0191975	1867.747335	1.895	8.27296864	0	0	0	0	0	0	334.9954089	1982.871607	1.895	131.4584987	0	0	0	0	0	0	0	0	0	10.45040548
16.677815675689	271.1673309	1867.92146	1.895	262.8548849	1874.104176	1.895	10.35966846	262.8548849	1874.104176	1.895	10.35966846	0	0	0	0	0	0	408.4551051	2066.55839	1.895	241.463378	0	0	0	0	0	0	0	0	0	10.48529617
16.777815675689	272.0737471	1867.386248	1.895	266.346971	1863.626593	1.895	6.850618602	266.346971	1863.626593	1.895	6.850618602	0	0	0	0	0	0	187.668835	1762.575602	1.895	134.5713967	0	0	0	0	0	0	0	0	0	10.49487931
16.877815675689	272.9800981	1866.851075	1.895	279.9516262	1866.226877	1.895	6.999416256	279.9516262	1866.226877	1.895	6.999416256	0	0	0	0	0	0	257.8131903	1851.850007	1.895	21.33230317	0	0	0	0	0	0	0	0	0	10.49412372
16.977815675689	273.8851934	1866.316644	1.895	278.2193394	1874.025673	1.895	8.843865134	278.2193394	1874.025673	1.895	8.843865134	0	0	0	0	0	0	261.2651411	1861.251795	1.895	13.59847108	0	0	0	0	0	0	0	0	0	10.47958485
17.077815675689	274.7913373	1865.786145	1.895	285.4613788	1868.158255	1.895	10.93053946	285.4613788	1868.158255	1.895	10.93053946	0	0	0	0	0	0	204.9131484	1832.30942	1.895	77.48323912	0	0	0	0	0	0	0	0	0	10.46891673
17.177815675689	275.7032374	1865.26421	1.895	273.763409	1875.0509	1.895	9.977085631	273.763409	1875.0509	1.895	9.977085631	0	0	0	0	0	0	209.8438131	1795.664628	1.895	95.82048594	0	0	0	0	0	0	0	0	0	10.47561618
17.277815675689	276.6165675	1864.741456	1.895	287.9379559	1862.731149	1.895	11.49848564	287.9379559	1862.731149	1.895	11.49848564	0	0	0	0	0	0	284.0618846	1850.039024	1.895	16.48011733	0	0	0	0	0	0	0	0	0	10.49204269
17.377815675689	277.5293154	1864.219036	1.895	288.1561905	1867.124112	1.895	11.01680262	288.1561905	1867.124112	1.895	11.01680262	0	0	0	0	0	0	265.6118259	1825.92304	1.895	40.10747909	0	0	0	0	0	0	0	0	0	10.48535557
17.477815675689	278.4415548	1863.696907	1.895	275.1874325	1868.725476	1.895	5.989643098	275.1874325	1868.725476	1.895	5.989643098	0	0	0	0	0	0	266.5448069	1850.065653	1.895	18.0926417	0	0	0	0	0	0	0	0	0	10.47951369
17.577815675689	279.3548072	1863.174198	1.895	271.6296299	1861.840189	1.895	7.839511641	271.6296299	1861.840189	1.895	7.839511641	0	0	0	0	0	0	137.2790985	1600.533827	1.895	298.60588	0	0	0	0	0	0	0	0	0	10.49114971
17.677815675689	280.2646376	1862.653447	1.895	285.5028682	1851.93356	1.895	11.93126353	285.5028682	1851.93356	1.895	11.93126353	0	0	0	0	0	0	336.6158933	1958.680246	1.895	111.3400652	0	0	0	0	0	0	0	0	0	10.45184014
17.777815675689	281.1772826	1862.131086	1.895	286.2149394	1859.90292	1.895	5.50842175	286.2149394	1859.90292	1.895	5.50842175	0	0	0	0	0	0	313.3388022	1910.310877	1.895	57.92802089	0	0	0	0	0	0	0	0	0	10.48417287
17.877815675689	282.087914	1861.609877	1.895	274.1818478	1860.407261	1.895	7.997009895	274.1818478	1860.407261	1.895	7.997009895	0	0	0	0	0	0	604.2582213	2486.617858	1.895	703.1562299	0	0	0	0	0	0	0	0	0	10.46104103
