4.165701977606	98.32100811	4.365518193	1.895	114.537358	3.11850536	1.895	16.26422588	114.537358	3.11850536	1.895	16.26422588	0	0	0	0	0	0	0	0	0	0	0	0	0	0	0	0	0	0	0	10.5
4.265701977606	98.44372135	5.407691449	1.895	105.7558434	11.21924064	1.895	9.340301555	105.7558434	11.21924064	1.895	9.340301555	0	0	0	0	0	0	0	0	0	0	0	0	0	0	0	0	0	0	0	10.49309085
4.365701977606	98.56603532	6.446473872	1.895	103.1577489	12.65506777	1.895	7.722076892	103.1577489	12.65506777	1.895	7.722076892	0	0	0	0	0	0	0	0	0	0	0	0	0	0	0	0	0	0	0	10.45895034
4.465701977606	98.68877316	7.48885612	1.895	92.59123336	-1.761676697	1.895	11.07936591	92.59123336	-1.761676697	1.895	11.07936591	0	0	0	0	0	0	0	0	0	0	0	0	0	0	0	0	0	0	0	10.49519508
4.565701977606	98.81099605	8.526865	1.895	111.8279946	2.918102342	1.895	14.17393631	111.8279946	2.918102342	1.895	14.17393631	0	0	0	0	0	0	0	0	0	0	0	0	0	0	0	0	0	0	0	10.45116195
4.665701977606	98.93376717	9.569529867	1.895	87.71361977	3.932385788	1.895	12.55663574	87.71361977	3.932385788	1.895	12.55663574	0	0	0	0	0	0	0	0	0	0	0	0	0	0	0	0	0	0	0	10.49804061
4.765701977606	99.05638804	10.61091871	1.895	90.17172382	17.8527286	1.895	11.46215812	90.17172382	17.8527286	1.895	11.46215812	0	0	0	0	0	0	0	0	0	0	0	0	0	0	0	0	0	0	0	10.48519299
4.865701977606	99.17893984	11.65172095	1.895	112.1887801	7.400869736	1.895	13.68669715	112.1887801	7.400869736	1.895	13.68669715	0	0	0	0	0	0	0	0	0	0	0	0	0	0	0	0	0	0	0	10.47928685
4.965701977606	99.30453892	12.69136989	1.895	107.7559144	20.48503942	1.895	11.49639211	107.7559144	20.48503942	1.895	11.49639211	0	0	0	0	0	0	0	0	0	0	0	0	0	0	0	0	0	0	0	10.47166993
5.065701977606	99.44526437	13.73148735	1.895	88.64060225	26.94474964	1.895	17.06842183	88.64060225	26.94474964	1.895	17.06842183	0	0	0	0	0	0	0	0	0	0	0	0	0	0	0	0	0	0	0	10.49530297
5.165701977606	99.58583923	14.77049174	1.895	100.7967034	24.59189942	1.895	9.895768836	100.7967034	24.59189942	1.895	9.895768836	0	0	0	0	0	0	0	0	0	0	0	0	0	0	0	0	0	0	0	10.48407155
5.265701977606	99.72614742	15.80752518	1.895	94.32029638	14.78690737	1.895	5.501353122	94.32029638	14.78690737	1.895	5.501353122	0	0	0	0	0	0	0	0	0	0	0	0	0	0	0	0	0	0	0	10.46418364
5.365701977606	99.86654264	16.84520186	1.895	108.3968755	14.32823874	1.895	8.893912679	108.3968755	14.32823874	1.895	8.893912679	0	0	0	0	0	0	0	0	0	0	0	0	0	0	0	0	0	0	0	10.47067435
5.465701977606	100.0073279	17.88576154	1.895	108.6112421	7.33378675	1.895	13.61512067	108.6112421	7.33378675	1.895	13.61512067	0	0	0	0	0	0	0	0	0	0	0	0	0	0	0	0	0	0	0	10.49976523
5.565701977606	100.1476235	18.92270149	1.895	92.82164418	24.0879116	1.895	8.963780905	92.82164418	24.0879116	1.895	8.963780905	0	0	0	0	0	0	0	0	0	0	0	0	0	0	0	0	0	0	0	10.4632403
5.665701977606	100.2880256	19.96042949	1.895	105.7308806	8.355837954	1.895	12.81761344	105.7308806	8.355837954	1.895	12.81761344	0	0	0	0	0	0	0	0	0	0	0	0	0	0	0	0	0	0	0	10.47119213
5.765701977606	100.4286645	20.99990703	1.895	94.52849128	30.16305563	1.895	10.89840982	94.52849128	30.16305563	1.895	10.89840982	0	0	0	0	0	0	0	0	0	0	0	0	0	0	0	0	0	0	0	10.48884592
5.865701977606	100.5688855	22.03629589	1.895	106.7759529	26.89351412	1.895	7.881640374	106.7759529	26.89351412	1.895	7.881640374	0	0	0	0	0	0	0	0	0	0	0	0	0	0	0	0	0	0	0	10.45767957
5.965701977606	100.7091283	23.07284634	1.895	94.79382822	31.97560244	1.895	10.68877175	94.79382822	31.97560244	1.895	10.68877175	0	0	0	0	0	0	0	0	0	0	0	0	0	0	0	0	0	0	0	10.45931011
6.065701977606	100.8495271	24.11054899	1.895	89.81148239	19.99177912	1.895	11.78145558	89.81148239	19.99177912	1.895	11.78145558	0	0	0	0	0	0	0	0	0	0	0	0	0	0	0	0	0	0	0	10.47093636
6.165701977606	100.9898293	25.14753819	1.895	100.2017704	19.24469624	1.895	5.955214511	100.2017704	19.24469624	1.895	5.955214511	0	0	0	0	0	0	0	0	0	0	0	0	0	0	0	0	0	0	0	10.46373729
6.265701977606	101.1303336	26.18602087	1.895	103.1958018	22.653367	1.895	4.092163551	103.1958018	22.653367	1.895	4.092163551	0	0	0	0	0	0	0	0	0	0	0	0	0	0	0	0	0	0	0	10.47880725
6.365701977606	101.2706794	27.22333256	1.895	104.8051784	17.27711579	1.895	10.55556306	104.8051784	17.27711579	1.895	10.55556306	0	0	0	0	0	0	0	0	0	0	0	0	0	0	0	0	0	0	0	10.46699132
6.465701977606	101.411377	28.26324421	1.895	109.135326	30.40654186	1.895	8.015803967	109.135326	30.40654186	1.895	8.015803967	0	0	0	0	0	0	0	0	0	0	0	0	0	0	0	0	0	0	0	10.4932263
6.565701977606	101.554845	29.30053687	1.895	108.0737594	25.16567091	1.895	7.719673682	108.0737594	25.16567091	1.895	7.719673682	0	0	0	0	0	0	0	0	0	0	0	0	0	0	0	0	0	0	0	10.47128374
6.665701977606	101.7147574	30.33381684	1.895	94.90189971	15.58087552	1.895	16.25005561	94.90189971	15.58087552	1.895	16.25005561	0	0	0	0	0	0	0	0	0	0	0	0	0	0	0	0	0	0	0	10.45517267
6.765701977606	101.8747388	31.36754329	1.895	106.8890889	21.96398651	1.895	10.65695017	106.8890889	21.96398651	1.895	10.65695017	0	0	0	0	0	0	0	0	0	0	0	0	0	0	0	0	0	0	0	10.4596903
6.865701977606	102.0347906	32.40172411	1.895	101.7697626	20.52609381	1.895	11.87858725	101.7697626	20.52609381	1.895	11.87858725	0	0	0	0	0	0	0	0	0	0	0	0	0	0	0	0	0	0	0	10.46428794
6.965701977606	102.1952644	33.4386314	1.895	100.733834	41.21421464	1.895	7.911730121	100.733834	41.21421464	1.895	7.911730121	0	0	0	0	0	0	0	0	0	0	0	0	0	0	0	0	0	0	0	10.49187535
7.065701977606	102.355245	34.47235228	1.895	91.79480297	31.14976232	1.895	11.07079671	91.79480297	31.14976232	1.895	11.07079671	0	0	0	0	0	0	0	0	0	0	0	0	0	0	0	0	0	0	0	10.45963405
7.165701977606	102.5153096	35.50661619	1.895	101.5951607	35.66272529	1.895	0.9332974865	101.5951607	35.66272529	1.895	0.9332974865	0	0	0	0	0	0	0	0	0	0	0	0	0	0	0	0	0	0	0	10.46512856
7.265701977606	102.6751616	36.53950591	1.895	115.4054029	32.89578582	1.895	13.24144023	115.4054029	32.89578582	1.895	13.24144023	0	0	0	0	0	0	0	0	0	0	0	0	0	0	0	0	0	0	0	10.45122392
7.365701977606	102.8352014	37.57360891	1.895	107.1378807	42.25858268	1.895	6.360976994	107.1378807	42.25858268	1.895	6.360976994	0	0	0	0	0	0	0	0	0	0	0	0	0	0	0	0	0	0	0	10.46350047
7.465701977606	102.9956464	38.61033087	1.895	103.7009107	30.67917556	1.895	7.962450762	103.7009107	30.67917556	1.895	7.962450762	0	0	0	0	0	0	0	0	0	0	0	0	0	0	0	0	0	0	0	10.49000017
7.565701977606	103.1559803	39.64633456	1.895	99.4300357	50.2187873	1.895	11.20979128	99.4300357	50.2187873	1.895	11.20979128	0	0	0	0	0	0	0	0	0	0	0	0	0	0	0	0	0	0	0	10.48273242
7.665701977606	103.3164524	40.68323096	1.895	109.117419	49.4930399	1.895	10.54817266	109.117419	49.4930399	1.895	10.54817266	0	0	0	0	0	0	0	0	0	0	0	0	0	0	0	0	0	0	0	10.49176529
7.765701977606	103.476336	41.7163248	1.895	109.0392757	36.91683389	1.895	7.347204321	109.0392757	36.91683389	1.895	7.347204321	0	0	0	0	0	0	0	0	0	0	0	0	0	0	0	0	0	0	0	10.4532893
7.865701977606	103.6363756	42.75042715	1.895	102.430418	29.26622017	1.895	13.53802688	102.430418	29.26622017	1.895	13.53802688	0	0	0	0	0	0	0	0	0	0	0	0	0	0	0	0	0	0	0	10.4634939
7.965701977606	103.8076334	43.78538209	1.895	112.8568538	37.9869023	1.895	10.74759311	112.8568538	37.9869023	1.895	10.74759311	0	0	0	0	0	0	0	0	0	0	0	0	0	0	0	0	0	0	0	10.49069035
8.065701977606	103.99855	44.81678805	1.895	116.0152235	42.70145026	1.895	12.2014383	116.0152235	42.70145026	1.895	12.2014383	0	0	0	0	0	0	0	0	0	0	0	0	0	0	0	0	0	0	0	10.48862927
8.165701977606	104.1893898	45.84777913	1.895	104.1463316	44.9628289	1.895	0.8859971334	104.1463316	44.9628289	1.895	0.8859971334	0	0	0	0	0	0	68.17149931	41.61607142	1.895	36.26562816	0	0	0	0	0	0	0	0	0	10.48441021
8.265701977606	104.3804522	46.87997259	1.895	111.8878811	43.62721487	1.895	8.181804327	111.8878811	43.62721487	1.895	8.181804327	0	0	0	0	0	0	105.1117148	43.78965284	1.895	3.175660757	0	0	0	0	0	0	0	0	0	10.49663752
8.365701977606	104.5706744	47.90762742	1.895	111.6128135	39.94801828	1.895	10.62765737	111.6128135	39.94801828	1.895	10.62765737	0	0	0	0	0	0	142.5939623	42.53786113	1.895	38.40058349	0	0	0	0	0	0	0	0	0	10.45048305
8.465701977606	104.7611078	48.93642275	1.895	104.7911514	43.98725948	1.895	4.949254454	104.7911514	43.98725948	1.895	4.949254454	0	0	0	0	0	0	99.29898677	47.27989174	1.895	5.707789469	0	0	0	0	0	0	0	0	0	10.46208107
8.565701977606	104.9516589	49.96585429	1.895	108.3258832	50.53697474	1.895	3.422216899	108.3258832	50.53697474	1.895	3.422216899	0	0	0	0	0	0	106.371409	57.82381865	1.895	7.985192189	0	0	0	0	0	0	0	0	0	10.46855091
8.665701977606	105.1419153	50.99369374	1.895	100.0841721	55.48278116	1.895	6.762593558	100.0841721	55.48278116	1.895	6.762593558	0	0	0	0	0	0	81.16433536	51.08940924	1.895	23.97777097	0	0	0	0	0	0	0	0	0	10.45236042
8.765701977606	105.3328077	52.02496927	1.895	99.66830676	58.8951934	1.895	8.904299575	99.66830676	58.8951934	1.895	8.904299575	0	0	0	0	0	0	158.4405103	45.32939668	1.895	53.52811187	0	0	0	0	0	0	0	0	0	10.48730292
8.865701977606	105.5235448	53.0554053	1.895	105.4262381	53.73439954	1.895	0.6859313123	105.4262381	53.73439954	1.895	0.6859313123	0	0	0	0	0	0	113.0122804	49.26710284	1.895	8.39240114	0	0	0	0	0	0	0	0	0	10.47876573
8.965701977606	105.7138821	54.08368202	1.895	117.7846448	56.5810866	1.895	12.32640825	117.7846448	56.5810866	1.895	12.32640825	0	0	0	0	0	0	91.51659524	65.38866705	1.895	18.1484336	0	0	0	0	0	0	0	0	0	10.45680722
9.065701977606	105.9046452	55.11425879	1.895	101.5753198	65.61151195	1.895	11.35497172	101.5753198	65.61151195	1.895	11.35497172	0	0	0	0	0	0	181.8345666	43.26802232	1.895	76.84846304	0	0	0	0	0	0	0	0	0	10.48019701
9.165701977606	106.0954452	56.14503443	1.895	107.3037949	50.53917573	1.895	5.73461079	107.3037949	50.53917573	1.895	5.73461079	0	0	0	0	0	0	129.3355832	37.38958667	1.895	29.86420662	0	0	0	0	0	0	0	0	0	10.48221936
9.265701977606	106.2888042	57.17670647	1.895	103.6402452	53.08320074	1.895	4.87561833	103.6402452	53.08320074	1.895	4.87561833	0	0	0	0	0	0	99.2886282	56.16517324	1.895	7.072882272	0	0	0	0	0	0	0	0	0	10.49582888
9.365701977606	106.4918002	58.2057348	1.895	110.2086909	58.84016956	1.895	3.770647659	110.2086909	58.84016956	1.895	3.770647659	0	0	0	0	0	0	101.7655485	53.91776243	1.895	6.381548639	0	0	0	0	0	0	0	0	0	10.48795856
9.465701977606	106.6942695	59.23209281	1.895	102.6716858	65.47006855	1.895	7.422500968	102.6716858	65.47006855	1.895	7.422500968	0	0	0	0	0	0	61.89724831	73.32416762	1.895	46.96125722	0	0	0	0	0	0	0	0	0	10.46074235
9.565701977606	106.8965526	60.25750723	1.895	104.5317043	61.59057241	1.895	2.714695287	104.5317043	61.59057241	1.895	2.714695287	0	0	0	0	0	0	147.3726671	42.08845865	1.895	44.36699417	0	0	0	0	0	0	0	0	0	10.45112524
9.665701977606	107.098863	61.28305988	1.895	104.2653353	51.45840054	1.895	10.22510688	104.2653353	51.45840054	1.895	10.22510688	0	0	0	0	0	0	103.8360593	62.69542262	1.895	3.555370094	0	0	0	0	0	0	0	0	0	10.45253406
9.765701977606	107.3018085	62.31183217	1.895	115.9349265	45.86109016	1.895	18.57841862	115.9349265	45.86109016	1.895	18.57841862	0	0	0	0	0	0	-3.545512867	104.4565505	1.895	118.5888104	0	0	0	0	0	0	0	0	0	10.48534899
9.865701977606	107.5048943	63.34131521	1.895	119.1765838	61.9493444	1.895	11.75439999	119.1765838	61.9493444	1.895	11.75439999	0	0	0	0	0	0	78.25329071	66.11289577	1.895	29.38261338	0	0	0	0	0	0	0	0	0	10.49259296
9.965701977606	107.7077667	64.3697168	1.895	112.1079515	69.63744322	1.895	6.863713856	112.1079515	69.63744322	1.895	6.863713856	0	0	0	0	0	0	103.0405142	69.53417695	1.895	6.960954978	0	0	0	0	0	0	0	0	0	10.48157077
10.065701977606	107.9107787	65.39882613	1.895	120.6506228	67.05585251	1.895	12.84715395	120.6506228	67.05585251	1.895	12.84715395	0	0	0	0	0	0	93.13540583	73.62715399	1.895	16.91203779	0	0	0	0	0	0	0	0	0	10.48878415
10.165701977606	108.1131304	66.42458857	1.895	104.2915662	56.60946503	1.895	10.53285352	104.2915662	56.60946503	1.895	10.53285352	0	0	0	0	0	0	19.27827295	81.88473597	1.895	90.17010626	0	0	0	0	0	0	0	0	0	10.45467223
10.265701977606	108.3156573	67.45123876	1.895	114.1877369	64.29981288	1.895	6.664293156	114.1877369	64.29981288	1.895	6.664293156	0	0	0	0	0	0	130.663931	68.49158417	1.895	22.37247539	0	0	0	0	0	0	0	0	0	10.46372028
10.365701977606	108.5182361	68.47815163	1.895	118.9721696	65.46225154	1.895	10.88027476	118.9721696	65.46225154	1.895	10.88027476	0	0	0	0	0	0	101.491224	66.97112362	1.895	7.186795683	0	0	0	0	0	0	0	0	0	10.46639761
10.465701977606	108.7212035	69.50703524	1.895	108.0656507	64.17708132	1.895	5.370117169	108.0656507	64.17708132	1.895	5.370117169	0	0	0	0	0	0	102.1890853	62.93396137	1.895	9.266815449	0	0	0	0	0	0	0	0	0	10.4864836
10.565701977606	108.9237714	70.53389301	1.895	109.1334175	66.76676398	1.895	3.772958068	109.1334175	66.76676398	1.895	3.772958068	0	0	0	0	0	0	139.6845704	71.55084101	1.895	30.77760449	0	0	0	0	0	0	0	0	0	10.46583593
10.665701977606	109.1269455	71.5638239	1.895	113.1640041	69.8767427	1.895	4.375395431	113.1640041	69.8767427	1.895	4.375395431	0	0	0	0	0	0	128.0317693	55.07185029	1.895	25.08739842	0	0	0	0	0	0	0	0	0	10.4971576
10.765701977606	109.3631643	72.58391795	1.895	105.1542822	65.53277476	1.895	8.211778643	105.1542822	65.53277476	1.895	8.211778643	0	0	0	0	0	0	170.4748046	48.96635991	1.895	65.51657526	0	0	0	0	0	0	0	0	0	10.47062002
10.865701977606	109.6014519	73.60248085	1.895	114.2862479	82.61278844	1.895	10.15543973	114.2862479	82.61278844	1.895	10.15543973	0	0	0	0	0	0	209.9928506	48.29905711	1.895	103.5311363	0	0	0	0	0	0	0	0	0	10.46001021
10.965701977606	109.8399153	74.62179464	1.895	101.3555962	69.73785801	1.895	9.78961221	101.3555962	69.73785801	1.895	9.78961221	0	0	0	0	0	0	131.3044682	72.58760934	1.895	21.5607269	0	0	0	0	0	0	0	0	0	10.46772149
11.065701977606	110.0784997	75.64162622	1.895	115.6390122	83.63588205	1.895	9.737937438	115.6390122	83.63588205	1.895	9.737937438	0	0	0	0	0	0	128.7342927	72.48014832	1.895	18.92177461	0	0	0	0	0	0	0	0	0	10.47303882
11.165701977606	110.3175933	76.66363399	1.895	104.5704702	81.06841846	1.895	7.240963341	104.5704702	81.06841846	1.895	7.240963341	0	0	0	0	0	0	124.6406588	76.49475556	1.895	14.32406105	0	0	0	0	0	0	0	0	0	10.49538699
11.265701977606	110.5563063	77.68401534	1.895	105.0898144	75.21817618	1.895	5.996907281	105.0898144	75.21817618	1.895	5.996907281	0	0	0	0	0	0	73.38333846	82.53066486	1.895	37.48759198	0	0	0	0	0	0	0	0	0	10.47868471
11.365701977606	110.7946314	78.70273809	1.895	106.7613259	86.35200161	1.895	8.647472767	106.7613259	86.35200161	1.895	8.647472767	0	0	0	0	0	0	167.6092907	81.55739708	1.895	56.88633041	0	0	0	0	0	0	0	0	0	10.46165182
11.465701977606	111.0331947	79.72247917	1.895	110.6777313	74.16852855	1.895	5.565314163	110.6777313	74.16852855	1.895	5.565314163	0	0	0	0	0	0	112.7301334	82.35538597	1.895	3.132379162	0	0	0	0	0	0	0	0	0	10.47210944
11.565701977606	111.2722965	80.74452229	1.895	124.7714413	76.25782133	1.895	14.22523803	124.7714413	76.25782133	1.895	14.22523803	0	0	0	0	0	0	161.1738924	78.58272943	1.895	49.94839958	0	0	0	0	0	0	0	0	0	10.49574995
11.665701977606	111.5106663	81.76343622	1.895	112.3174831	86.4955328	1.895	4.800384514	112.3174831	86.4955328	1.895	4.800384514	0	0	0	0	0	0	159.0933702	67.74792319	1.895	49.60391439	0	0	0	0	0	0	0	0	0	10.46361518
11.765701977606	111.7492591	82.7833037	1.895	114.2060848	83.18147826	1.895	2.488882354	114.2060848	83.18147826	1.895	2.488882354	0	0	0	0	0	0	125.224633	78.41629128	1.895	14.16532731	0	0	0	0	0	0	0	0	0	10.47340754
11.865701977606	111.9883529	83.80531261	1.895	108.4182176	88.53354919	1.895	5.924701499	108.4182176	88.53354919	1.895	5.924701499	0	0	0	0	0	0	105.636936	90.77756967	1.895	9.43148271	0	0	0	0	0	0	0	0	0	10.49539862
11.965701977606	112.2269672	84.8252715	1.895	108.4281198	80.49509992	1.895	5.760349572	108.4281198	80.49509992	1.895	5.760349572	0	0	0	0	0	0	85.04049104	90.93361463	1.895	27.86424844	0	0	0	0	0	0	0	0	0	10.47434626
12.065701977606	112.4657373	85.84589668	1.895	115.5125071	89.6434147	1.895	4.868670209	115.5125071	89.6434147	1.895	4.868670209	0	0	0	0	0	0	149.8305273	81.16034105	1.895	37.65742905	0	0	0	0	0	0	0	0	0	10.48118867
12.165701977606	112.7045828	86.86684398	1.895	104.7488736	87.78297531	1.895	8.008283565	104.7488736	87.78297531	1.895	8.008283565	0	0	0	0	0	0	64.70282256	105.7309881	1.895	51.57542937	0	0	0	0	0	0	0	0	0	10.48449662
12.265701977606	112.9767396	87.8797625	1.895	123.2664234	82.54814192	1.895	11.58895039	123.2664234	82.54814192	1.895	11.58895039	0	0	0	0	0	0	128.2783507	78.88834216	1.895	17.74781509	0	0	0	0	0	0	0	0	0	10.48792907
12.365701977606	113.2494249	88.89158697	1.895	118.9131662	87.24972756	1.895	5.89692023	118.9131662	87.24972756	1.895	5.89692023	0	0	0	0	0	0	92.20476269	78.0770905	1.895	23.66075108	0	0	0	0	0	0	0	0	0	10.47860828
12.465701977606	113.5217057	89.90191065	1.895	102.2235811	94.14064535	1.895	12.06708296	102.2235811	94.14064535	1.895	12.06708296	0	0	0	0	0	0	112.2554637	99.02381858	1.895	9.209374206	0	0	0	0	0	0	0	0	0	10.46306587
12.565701977606	113.7947902	90.91521624	1.895	118.8546605	94.67615389	1.895	6.304517452	118.8546605	94.67615389	1.895	6.304517452	0	0	0	0	0	0	107.2563391	86.31860933	1.895	7.992505056	0	0	0	0	0	0	0	0	0	10.49394701
12.665701977606	114.0668393	91.92468031	1.895	100.1208921	94.99935605	1.895	14.28086393	100.1208921	94.99935605	1.895	14.28086393	0	0	0	0	0	0	92.19464722	92.35425834	1.895	21.87641024	0	0	0	0	0	0	0	0	0	10.45416365
12.765701977606	114.3390462	92.93472951	1.895	103.7204129	94.9342078	1.895	10.80524341	103.7204129	94.9342078	1.895	10.80524341	0	0	0	0	0	0	104.553003	89.37927083	1.895	10.41191274	0	0	0	0	0	0	0	0	0	10.46022326
12.865701977606	114.6120259	93.94764665	1.895	108.8424777	86.15616266	1.895	9.695097169	108.8424777	86.15616266	1.895	9.695097169	0	0	0	0	0	0	118.7254874	88.99464974	1.895	6.438380501	0	0	0	0	0	0	0	0	0	10.48992411
12.965701977606	114.8843468	94.95811886	1.895	108.9139042	99.74296008	1.895	7.651201851	108.9139042	99.74296008	1.895	7.651201851	0	0	0	0	0	0	124.6421243	92.05038998	1.895	10.18180287	0	0	0	0	0	0	0	0	0	10.46460413
13.065701977606	115.1570907	95.97016072	1.895	110.4278038	92.95429137	1.895	5.609066101	110.4278038	92.95429137	1.895	5.609066101	0	0	0	0	0	0	157.4878603	90.81586908	1.895	42.64341428	0	0	0	0	0	0	0	0	0	10.4808596
13.165701977606	115.4298034	96.98208707	1.895	112.6491857	101.4012006	1.895	5.221149224	112.6491857	101.4012006	1.895	5.221149224	0	0	0	0	0	0	132.1896264	104.207177	1.895	18.25085179	0	0	0	0	0	0	0	0	0	10.47966333
13.265701977606	115.7026415	97.99447861	1.895	121.0948519	104.5871585	1.895	8.517004219	121.0948519	104.5871585	1.895	8.517004219	0	0	0	0	0	0	86.00273827	103.842916	1.895	30.27025723	0	0	0	0	0	0	0	0	0	10.48448096
13.365701977606	115.9758201	99.00813361	1.895	113.5695546	95.16177928	1.895	4.537020557	113.5695546	95.16177928	1.895	4.537020557	0	0	0	0	0	0	111.1172031	99.78780902	1.895	4.920777715	0	0	0	0	0	0	0	0	0	10.49756549
13.465701977606	116.2482523	100.0190188	1.895	104.4706866	99.42756412	1.895	11.79240736	104.4706866	99.42756412	1.895	11.79240736	0	0	0	0	0	0	124.6811906	105.0968912	1.895	9.843741011	0	0	0	0	0	0	0	0	0	10.46888078
13.565701977606	116.5211264	101.031544	1.895	128.3910522	103.5220685	1.895	12.12839032	128.3910522	103.5220685	1.895	12.12839032	0	0	0	0	0	0	242.340296	71.20690136	1.895	129.3057336	0	0	0	0	0	0	0	0	0	10.48586502
13.665701977606	116.8049642	102.0420373	1.895	114.2978339	93.34882797	1.895	9.04751851	114.2978339	93.34882797	1.895	9.04751851	0	0	0	0	0	0	81.59385584	111.8560466	1.895	36.55320688	0	0	0	0	0	0	0	0	0	10.49552527
13.765701977606	117.0917099	103.0515899	1.895	127.6605429	104.4780958	1.895	10.6646683	127.6605429	104.4780958	1.895	10.6646683	0	0	0	0	0	0	114.9975147	109.5261103	1.895	6.804782681	0	0	0	0	0	0	0	0	0	10.49421484
13.865701977606	117.3777933	104.0588112	1.895	113.8532738	112.3226923	1.895	8.984095319	113.8532738	112.3226923	1.895	8.984095319	0	0	0	0	0	0	128.3878338	102.5291169	1.895	11.11579761	0	0	0	0	0	0	0	0	0	10.46998039
13.965701977606	117.6642408	105.067314	1.895	118.1110191	105.4626375	1.895	0.5965665358	118.1110191	105.4626375	1.895	0.5965665358	0	0	0	0	0	0	88.47329312	121.7433337	1.895	33.61846307	0	0	0	0	0	0	0	0	0	10.48330176
14.065701977606	117.9508333	106.0763276	1.895	129.1934198	100.3019009	1.895	12.63881941	129.1934198	100.3019009	1.895	12.63881941	0	0	0	0	0	0	97.80130578	114.2676467	1.895	21.75088891	0	0	0	0	0	0	0	0	0	10.48861203
14.165701977606	118.236546	107.0822434	1.895	121.7272954	111.390666	1.895	5.545073188	121.7272954	111.390666	1.895	5.545073188	0	0	0	0	0	0	160.5590485	101.4772428	1.895	42.69203974	0	0	0	0	0	0	0	0	0	10.45641071
14.265701977606	118.5234004	108.0921793	1.895	116.3448747	115.797462	1.895	8.007331436	116.3448747	115.797462	1.895	8.007331436	0	0	0	0	0	0	126.7332513	103.2991559	1.895	9.506562146	0	0	0	0	0	0	0	0	0	10.49819831
14.365701977606	118.8090638	109.0979215	1.895	124.5287521	124.0381456	1.895	15.99766021	124.5287521	124.0381456	1.895	15.99766021	0	0	0	0	0	0	138.1175671	98.40335852	1.895	22.07242575	0	0	0	0	0	0	0	0	0	10.45460622
14.465701977606	119.0958856	110.1077423	1.895	124.5287521	124.0381456	1.895	14.95233009	124.8155732	125.0479667	1.895	15.99766015	16.17958771	0.00636062416	-0.5163663129	-0.5100056888	0	1	140.5756294	111.5548258	1.895	21.52843343	0	0	0	0	0	0	0	0	0	10.49700279
14.565701977606	119.3814259	111.1130512	1.895	124.5287521	124.0381456	1.895	13.91233383	112.8664761	105.3139027	1.895	8.722080865	16.17958987	0	0	0	0	1	112.8664761	105.3139027	1.895	8.722080865	0	0	0	0	0	0	0	0	0	10.45010189
14.665701977606	119.6682432	112.1228564	1.895	124.5287521	124.0381456	1.895	12.86851448	113.1530766	106.3237694	1.895	8.722201893	16.17959188	0.03616311855	-0.1596361827	-0.1234730642	-0.01234730642	1	144.1656171	107.9996554	1.895	24.84194259	0	0	0	0	0	0	0	0	0	10.49683962
14.765701977606	119.9546859	113.1313422	1.895	124.5287521	124.0381456	1.895	11.82710625	113.4401553	107.3320744	1.895	8.721847045	16.17959406	0.06240648033	0.533151121	0.4720845371	0.03609587793	1	69.92463472	122.2488818	1.895	50.85406125	0	0	0	0	0	0	0	0	0	10.48312613
14.865701977606	120.2402244	114.1366448	1.895	124.5287521	124.0381456	1.895	10.79032847	113.7273534	108.3369041	1.895	8.720921977	16.17959615	0.000505374224	0.1481931634	0.6207830748	0.09456459762	1	58.70711159	138.419242	1.895	66.15110349	0	0	0	0	0	0	0	0	0	10.4500361
14.965701977606	120.3706356	115.148903	1.895	124.5287521	124.0381456	1.895	9.813692922	113.8600411	109.3488663	1.895	8.719418861	7.664426197	-0.01461839005	-0.1690102727	0.437154412	0.1288235791	1	137.8930438	95.51475388	1.895	26.31605216	0	0	0	0	0	0	0	0	0	10.46508758
15.065701977606	120.1405473	116.1735626	1.895	124.5287521	124.0381456	1.895	9.005998402	113.6325823	110.3741129	1.895	8.71706518	-12.33255328	0.07132572332	-0.198445171	0.3100349643	0.1469447176	1	110.599674	119.2964935	1.895	10.03897207	0	0	0	0	0	0	0	0	0	10.46134582
15.165701977606	119.9106904	117.1971922	1.895	124.5287521	124.0381456	1.895	8.253795388	113.4055994	111.3983836	1.895	8.714493102	-12.33255464	0.0150048078	-0.03984029882	0.2851994733	0.1607701931	1	94.35770495	128.4077546	1.895	27.90397417	0	0	0	0	0	0	0	0	0	10.45082869
15.265701977606	119.7024279	118.2224329	1.895	124.5287521	124.0381456	1.895	7.557507504	113.2006141	112.4242846	1.895	8.711607553	-11.15921925	0.07716695542	0.02114578868	0.3835122174	0.1830443956	1	81.96669801	132.8979653	1.895	40.48896837	0	0	0	0	0	0	0	0	0	10.47511115
15.365701977606	119.9976491	119.2304155	1.895	124.5287521	124.0381456	1.895	6.606448665	114.0662069	116.4252851	1.895	6.561308021	16.64775375	0	0	0	0	1	114.0662069	116.4252851	1.895	6.561308021	0	0	0	0	0	0	0	0	0	10.47714706
15.465701977606	120.2925683	120.2373671	1.895	124.5287521	124.0381456	1.895	5.691324208	114.3608944	117.4323045	1.895	6.561488508	16.64775588	-0.001891872	-0.130371893	-0.132263765	-0.0132263765	1	131.210936	122.9359573	1.895	11.24691706	0	0	0	0	0	0	0	0	0	10.46643083
15.565701977606	120.5872747	121.2435922	1.895	124.5287521	124.0381456	1.895	4.831642911	114.6556376	118.4385188	1.895	6.561459817	16.64775818	-0.02100170862	0.2928661565	0.1396006829	0.002056329447	1	128.2209538	119.9480641	1.895	7.742832176	0	0	0	0	0	0	0	0	0	10.45887966
15.665701977606	120.8830976	122.2536293	1.895	124.5287521	124.0381456	1.895	4.058977119	114.9521027	119.4483676	1.895	6.560959808	16.64776022	0.001917660547	0.2038744639	0.3453928074	0.03638997724	1	80.24221455	127.9728886	1.895	41.04133653	0	0	0	0	0	0	0	0	0	10.49850248
15.765701977606	121.177741	123.259639	1.895	124.5287521	124.0381456	1.895	3.44025405	115.2482825	120.4539261	1.895	6.559763999	16.64776231	0.01797784449	0.1839092522	0.547279904	0.08747896992	1	169.1256035	113.0508499	1.895	49.02261615	0	0	0	0	0	0	0	0	0	10.45664164
15.865701977606	121.4725203	124.266113	1.895	124.5287521	124.0381456	1.895	3.064722142	115.5456749	121.459631	1.895	6.55773115	16.64776452	0.01863394247	0.1344989094	0.7004127559	0.1487723485	1	96.77633745	132.2951014	1.895	25.96855991	0	0	0	0	0	0	0	0	0	10.46146628
15.965701977606	121.7681821	125.2756001	1.895	124.5287521	124.0381456	1.895	3.025233875	115.8452699	122.4679578	1.895	6.554673495	16.64776681	0.02624582075	0.1676266628	0.8942852394	0.2233236376	1	57.5120456	97.57604794	1.895	69.97225361	0	0	0	0	0	0	0	0	0	10.4927857
16.065701977606	122.0635792	126.2841833	1.895	124.5287521	124.0381456	1.895	3.334930657	116.1457438	123.4750402	1.895	6.550729828	16.6477688	-0.02593704411	0.007503713547	0.8758519088	0.2885764647	1	80.90283041	138.3312694	1.895	42.88752182	0	0	0	0	0	0	0	0	0	10.48339046
16.165701977606	122.358951	127.2926799	1.895	124.5287521	124.0381456	1.895	3.911525292	116.447672	124.4815933	1.895	6.545641779	16.64777101	0.02269819686	0.2323875753	1.130937681	0.3728125863	1	27.78241437	173.7233067	1.895	105.3590261	0	0	0	0	0	0	0	0	0	10.48248964
16.265701977606	122.6544582	128.3016391	1.895	124.5287521	124.0381456	1.895	4.657290439	116.751641	125.4880356	1.895	6.539083637	16.64777327	0.002596270099	0.3219161033	1.455450054	0.4810763332	1	46.53086192	165.2269219	1.895	84.60660978	0	0	0	0	0	0	0	0	0	10.48729874
16.365701977606	122.9503861	129.3087416	1.895	124.5287521	124.0381456	1.895	5.501856181	117.0579152	126.49204	1.895	6.531081112	16.69829824	-0.1530994786	0.2627464266	1.565097002	0.5894784001	1	170.8009482	110.3796889	1.895	51.45857883	0	0	0	0	0	0	0	0	0	10.4707284
16.465701977606	123.2504054	130.3134985	1.895	124.5287521	124.0381456	1.895	6.404234865	117.3690039	127.493425	1.895	6.522553101	16.94892544	0.03007104524	-0.5781382121	1.017029836	0.6322335436	1	139.5246909	118.5876417	1.895	20.05861627	0	0	0	0	0	0	0	0	0	10.45986539
16.565701977606	123.5501726	131.3174108	1.895	124.5287521	124.0381456	1.895	7.344747749	117.6796156	128.4940351	1.895	6.514206787	16.94892757	0.04279751142	-0.5509565228	0.5088708241	0.6198972717	1	124.6839267	121.8837699	1.895	9.50152517	0	0	0	0	0	0	0	0	0	10.45107262
16.665701977606	123.8500591	132.3217227	1.895	124.5287521	124.0381456	1.895	8.311334042	117.990543	129.4949839	1.895	6.505719067	16.94892968	-0.1664081834	0.3874185826	0.7298812233	0.6308956668	1	95.91889647	147.5292968	1.895	31.80283249	0	0	0	0	0	0	0	0	0	10.45523274
16.765701977606	124.1509513	133.329403	1.895	124.5287521	124.0381456	1.895	9.298935264	118.3021252	130.4994102	1.895	6.497509275	16.94893195	0.07661496335	-0.3970408955	0.4094552911	0.6087516293	1	112.7977325	131.1381153	1.895	11.5627557	0	0	0	0	0	0	0	0	0	10.49029886
16.865701977606	124.4510002	134.3342589	1.895	124.5287521	124.0381456	1.895	10.2964068	118.6125459	131.5011106	1.895	6.48955151	16.94893416	0.08479998934	-0.05030160116	0.4439536793	0.5922718343	1	111.1938371	149.7451527	1.895	20.3285027	0	0	0	0	0	0	0	0	0	10.46089553
16.965701977606	124.7512945	135.3399365	1.895	124.5287521	124.0381456	1.895	11.3039817	118.9233619	132.5035863	1.895	6.481487573	16.94893637	-0.007588719292	0.2367751351	0.6731400951	0.6003586604	1	140.9083982	130.0320625	1.895	17.00663185	0	0	0	0	0	0	0	0	0	10.46945067
17.065701977606	125.0513043	136.3446614	1.895	124.5287521	124.0381456	1.895	12.3176049	119.2327173	133.5054731	1.895	6.474329726	16.94893856	-0.1106697919	-0.6291743993	-0.06670409606	0.5336523847	1	99.97908354	139.6001294	1.895	25.28268827	0	0	0	0	0	0	0	0	0	10.45953175
17.165701977606	125.3512208	137.3490739	1.895	124.5287521	124.0381456	1.895	13.33631379	119.5402778	134.5075713	1.895	6.46847705	16.94894077	0.02593942583	-0.397028673	-0.4377933432	0.4365078119	1	163.8289627	131.0094712	1.895	38.99650216	0	0	0	0	0	0	0	0	0	10.45628
17.265701977606	125.6517813	138.3556429	1.895	124.5287521	124.0381456	1.895	14.36147352	119.8468502	135.5123256	1.895	6.463874854	16.94894281	0.01319555928	-0.07920329193	-0.5038010758	0.3424769231	1	99.18389613	132.4848222	1.895	27.11116891	0	0	0	0	0	0	0	0	0	10.47872991
17.365701977606	125.9519088	139.3607621	1.895	124.5287521	124.0381456	1.895	15.38856559	120.1511088	136.516202	1.895	6.460712236	16.94894511	0.004877622629	-0.2274254275	-0.7263488807	0.2355943428	1	156.0269074	137.171504	1.895	30.15457491	0	0	0	0	0	0	0	0	0	10.4636375
17.465701977606	126.2530331	140.3692193	1.895	124.5287521	124.0381456	1.895	16.4218486	120.4552036	137.5237674	1.895	6.458438145	16.94894725	0.1213287378	0.1726923203	-0.4323278226	0.1688021262	1	92.91382209	142.6643083	1.895	33.41811519	0	0	0	0	0	0	0	0	0	10.49838634
17.565701977606	126.5716112	141.368728	1.895	124.5287521	124.0381456	1.895	17.45056897	120.7756242	138.522687	1.895	6.457043825	18.00226847	-0.0267474668	-0.004053633336	-0.4631289227	0.1056090213	1	97.51007677	147.8873225	1.895	29.78363412	0	0	0	0	0	0	0	0	0	10.46485241
17.665701977606	126.8948007	142.3678147	1.895	124.5287521	124.0381456	1.895	18.48174648	124.3981868	146.7533615	1.895	5.0463949	18.24899051	0	0	0	0	1	124.3981868	146.7533615	1.895	5.0463949	0	0	0	0	0	0	0	0	0	10.4744936
17.765701977606	127.2183858	143.3681247	1.895	124.5287521	124.0381456	1.895	19.51620402	124.7216845	147.7536998	1.895	5.046462784	18.24899275	0.008063607152	-0.05835224642	-0.05028863927	-0.005028863927	1	24.02818715	152.6983191	1.895	103.6111462	0	0	0	0	0	0	0	0	0	10.48731871
17.865701977606	127.5416941	144.3675789	1.895	124.5287521	124.0381456	1.895	20.55148838	124.356053	142.4604282	1.895	3.712887366	18.24899525	0	0	0	0	1	124.356053	142.4604282	1.895	3.712887366	0	0	0	0	0	0	0	0	0	10.47834613
