4.135189299844	131.011245	1969.817505	1.895	121.9541905	1965.388622	1.895	10.08192674	121.9541905	1965.388622	1.895	10.08192674	0	0	0	0	0	0	0	0	0	0	0	0	0	0	0	0	0	0	0	10.5
4.235189299844	131.7264475	1969.058352	1.895	129.1897708	1967.913847	1.895	2.782915881	129.1897708	1967.913847	1.895	2.782915881	0	0	0	0	0	0	0	0	0	0	0	0	0	0	0	0	0	0	0	10.46108273
4.335189299844	132.4442642	1968.296423	1.895	136.8996568	1964.917796	1.895	5.591569378	136.8996568	1964.917796	1.895	5.591569378	0	0	0	0	0	0	0	0	0	0	0	0	0	0	0	0	0	0	0	10.49932142
4.435189299844	133.1588049	1967.537972	1.895	128.7161109	1956.536528	1.895	11.86462434	128.7161109	1956.536528	1.895	11.86462434	0	0	0	0	0	0	0	0	0	0	0	0	0	0	0	0	0	0	0	10.45140275
4.535189299844	133.8764776	1966.776197	1.895	131.9745699	1976.955477	1.895	10.35543347	131.9745699	1976.955477	1.895	10.35543347	0	0	0	0	0	0	0	0	0	0	0	0	0	0	0	0	0	0	0	10.49721427
4.635189299844	134.5928307	1966.015822	1.895	142.1174265	1963.923831	1.895	7.809991621	142.1174265	1963.923831	1.895	7.809991621	0	0	0	0	0	0	0	0	0	0	0	0	0	0	0	0	0	0	0	10.47791445
4.735189299844	135.30905	1965.255589	1.895	127.0497803	1958.851773	1.895	10.45104771	127.0497803	1958.851773	1.895	10.45104771	0	0	0	0	0	0	0	0	0	0	0	0	0	0	0	0	0	0	0	10.47595532
4.835189299844	136.0237742	1964.496944	1.895	138.905927	1965.646159	1.895	3.10282134	138.905927	1965.646159	1.895	3.10282134	0	0	0	0	0	0	0	0	0	0	0	0	0	0	0	0	0	0	0	10.45408823
4.935189299844	136.7386801	1963.738105	1.895	145.7682698	1969.166687	1.895	10.53579579	145.7682698	1969.166687	1.895	10.53579579	0	0	0	0	0	0	0	0	0	0	0	0	0	0	0	0	0	0	0	10.45674487
5.035189299844	137.4533944	1962.97947	1.895	134.8616476	1963.381515	1.895	2.622745086	134.8616476	1963.381515	1.895	2.622745086	0	0	0	0	0	0	0	0	0	0	0	0	0	0	0	0	0	0	0	10.45394212
5.135189299844	138.1712255	1962.217526	1.895	136.1539659	1956.842753	1.895	5.740864301	136.1539659	1956.842753	1.895	5.740864301	0	0	0	0	0	0	0	0	0	0	0	0	0	0	0	0	0	0	0	10.49953216
5.235189299844	138.8862125	1961.458601	1.895	134.837942	1948.668279	1.895	13.4156938	134.837942	1948.668279	1.895	13.4156938	0	0	0	0	0	0	0	0	0	0	0	0	0	0	0	0	0	0	0	10.45793069
5.335189299844	139.6021858	1960.69863	1.895	140.8099892	1961.679433	1.895	1.555880258	140.8099892	1961.679433	1.895	1.555880258	0	0	0	0	0	0	0	0	0	0	0	0	0	0	0	0	0	0	0	10.47235893
5.435189299844	140.3195484	1959.937183	1.895	147.2184868	1951.59607	1.895	10.82448739	147.2184868	1951.59607	1.895	10.82448739	0	0	0	0	0	0	0	0	0	0	0	0	0	0	0	0	0	0	0	10.49267791
5.535189299844	141.0364254	1959.176252	1.895	143.7601793	1950.16126	1.895	9.417479425	143.7601793	1950.16126	1.895	9.417479425	0	0	0	0	0	0	0	0	0	0	0	0	0	0	0	0	0	0	0	10.48557618
5.635189299844	141.7529345	1958.415712	1.895	140.1622372	1963.45478	1.895	5.284176797	140.1622372	1963.45478	1.895	5.284176797	0	0	0	0	0	0	0	0	0	0	0	0	0	0	0	0	0	0	0	10.48019509
5.735189299844	142.46775	1957.656969	1.895	142.8397565	1950.996103	1.895	6.671246141	142.8397565	1950.996103	1.895	6.671246141	0	0	0	0	0	0	0	0	0	0	0	0	0	0	0	0	0	0	0	10.45542228
5.835189299844	143.1989369	1956.915078	1.895	148.2747705	1949.466037	1.895	9.014005202	148.2747705	1949.466037	1.895	9.014005202	0	0	0	0	0	0	0	0	0	0	0	0	0	0	0	0	0	0	0	10.45107145
5.935189299844	143.9536369	1956.192533	1.895	142.5253026	1951.296488	1.895	5.100137135	142.5253026	1951.296488	1.895	5.100137135	0	0	0	0	0	0	0	0	0	0	0	0	0	0	0	0	0	0	0	10.47940899
6.035189299844	144.708692	1955.469648	1.895	144.3991741	1965.503978	1.895	10.03910182	144.3991741	1965.503978	1.895	10.03910182	0	0	0	0	0	0	0	0	0	0	0	0	0	0	0	0	0	0	0	10.48433908
6.135189299844	145.4624996	1954.747958	1.895	140.6067414	1956.411648	1.895	5.132859988	140.6067414	1956.411648	1.895	5.132859988	0	0	0	0	0	0	0	0	0	0	0	0	0	0	0	0	0	0	0	10.46701658
6.235189299844	146.216499	1954.026084	1.895	141.7693877	1947.620779	1.895	7.797738778	141.7693877	1947.620779	1.895	7.797738778	0	0	0	0	0	0	0	0	0	0	0	0	0	0	0	0	0	0	0	10.46968034
6.335189299844	146.9716374	1953.303119	1.895	156.2988229	1946.325338	1.895	11.64842589	156.2988229	1946.325338	1.895	11.64842589	0	0	0	0	0	0	0	0	0	0	0	0	0	0	0	0	0	0	0	10.48549612
6.435189299844	147.7267462	1952.580183	1.895	151.5613325	1962.431344	1.895	10.57115978	151.5613325	1962.431344	1.895	10.57115978	0	0	0	0	0	0	0	0	0	0	0	0	0	0	0	0	0	0	0	10.48508588
6.535189299844	148.4805771	1951.85847	1.895	142.1539703	1939.98917	1.895	13.45013918	142.1539703	1939.98917	1.895	13.45013918	0	0	0	0	0	0	0	0	0	0	0	0	0	0	0	0	0	0	0	10.46733996
6.635189299844	149.2354365	1951.135773	1.895	150.4610297	1964.828276	1.895	13.74724416	150.4610297	1964.828276	1.895	13.74724416	0	0	0	0	0	0	0	0	0	0	0	0	0	0	0	0	0	0	0	10.48162191
6.735189299844	149.9890848	1950.414235	1.895	157.9436009	1948.940878	1.895	8.089815099	157.9436009	1948.940878	1.895	8.089815099	0	0	0	0	0	0	0	0	0	0	0	0	0	0	0	0	0	0	0	10.46480557
6.835189299844	150.741671	1949.693713	1.895	158.8598616	1946.09576	1.895	8.879768639	158.8598616	1946.09576	1.895	8.879768639	0	0	0	0	0	0	0	0	0	0	0	0	0	0	0	0	0	0	0	10.45005765
6.935189299844	151.4956374	1948.971871	1.895	137.8462574	1948.941184	1.895	13.64941446	137.8462574	1948.941184	1.895	13.64941446	0	0	0	0	0	0	0	0	0	0	0	0	0	0	0	0	0	0	0	10.46922202
7.035189299844	152.2497711	1948.249868	1.895	153.0108645	1947.829442	1.895	0.8694950112	153.0108645	1947.829442	1.895	0.8694950112	0	0	0	0	0	0	0	0	0	0	0	0	0	0	0	0	0	0	0	10.47154496
7.135189299844	153.0043208	1947.527467	1.895	162.7519596	1946.856703	1.895	9.770690113	162.7519596	1946.856703	1.895	9.770690113	0	0	0	0	0	0	0	0	0	0	0	0	0	0	0	0	0	0	0	10.47732287
7.235189299844	153.7574221	1946.806453	1.895	157.1309519	1948.79239	1.895	3.914670904	157.1309519	1948.79239	1.895	3.914670904	0	0	0	0	0	0	0	0	0	0	0	0	0	0	0	0	0	0	0	10.45720983
7.335189299844	154.5129871	1946.08308	1.895	148.7625122	1939.31665	1.895	8.879895181	148.7625122	1939.31665	1.895	8.879895181	0	0	0	0	0	0	0	0	0	0	0	0	0	0	0	0	0	0	0	10.49141852
7.435189299844	155.2893226	1945.381397	1.895	148.1176701	1944.113149	1.895	7.282928692	148.1176701	1944.113149	1.895	7.282928692	0	0	0	0	0	0	0	0	0	0	0	0	0	0	0	0	0	0	0	10.49907391
7.535189299844	156.0776373	1944.699611	1.895	149.3765579	1939.414092	1.895	8.53470432	149.3765579	1939.414092	1.895	8.53470432	0	0	0	0	0	0	0	0	0	0	0	0	0	0	0	0	0	0	0	10.45359594
7.635189299844	156.8671081	1944.016825	1.895	150.8356806	1947.463834	1.895	6.946940931	150.8356806	1947.463834	1.895	6.946940931	0	0	0	0	0	0	0	0	0	0	0	0	0	0	0	0	0	0	0	10.46892608
