0	33.129642230819	1661.541691	927.1418128	1.895	1639.68786	817.1317899	1.895	1	1	1161.001189	1020.605834	1.895	1126.08532	550.9945493	1.895	509.1918269	509.1918269	-88.96012228	502.5521896	-85.7187558	0	0	0	0	0	0	0	0	0	0	0	0
0	33.229642230819	1659.780516	927.4364611	1.895	1637.926687	817.4264433	1.895	1	1	1161.001189	1020.605834	1.895	1126.08532	550.9945493	1.895	507.4064927	507.4064927	-88.9296142	500.7901353	-85.66743113	0	0	0	0	0	0	0	0	0	0	0	0
0	33.329642230819	1658.02713	927.7298065	1.895	1636.173301	817.7197937	1.895	1	1	1161.001189	1020.605834	1.895	1126.08532	550.9945493	1.895	505.6290554	505.6290554	-88.89913425	499.0358751	-85.61621943	0	0	0	0	0	0	0	0	0	0	0	0
0	33.429642230819	1656.264361	928.0247214	1.895	1634.410534	818.0147137	1.895	1	1	1161.001189	1020.605834	1.895	1126.08532	550.9945493	1.895	503.84211	503.84211	-88.86838304	497.2722307	-85.56461899	0	0	0	0	0	0	0	0	0	0	0	0
0	33.529642230819	1654.509801	928.3182632	1.895	1632.655974	818.3082605	1.895	1	1	1161.001189	1020.605834	1.895	1126.08532	550.9945493	1.895	502.0634874	502.0634874	-88.83766657	495.5168005	-85.51314454	0	0	0	0	0	0	0	0	0	0	0	0
0	33.629642230819	1652.756288	928.6116297	1.895	1630.902462	818.601632	1.895	1	1	1161.001189	1020.605834	1.895	1126.08532	550.9945493	1.895	500.2859289	500.2859289	-88.80685956	493.7624206	-85.46158683	0	0	0	0	0	0	0	0	0	0	0	0
0	33.729642230819	1651.002759	928.9049989	1.895	1629.148934	818.8950063	1.895	1	1	1161.001189	1020.605834	1.895	1126.08532	550.9945493	1.895	498.5083561	498.5083561	-88.77594265	492.0080265	-85.40991465	0	0	0	0	0	0	0	0	0	0	0	0
0	33.829642230819	1649.242588	929.1994793	1.895	1627.388764	819.1894918	1.895	1	1	1161.001189	1020.605834	1.895	1126.08532	550.9945493	1.895	496.724053	496.724053	-88.74479761	490.2469899	-85.35793209	0	0	0	0	0	0	0	0	0	0	0	0
0	33.929642230819	1647.483884	929.4937144	1.895	1625.63006	819.4837318	1.895	1	1	1161.001189	1020.605834	1.895	1126.08532	550.9945493	1.895	494.941239	494.941239	-88.71356663	488.4874231	-85.30587807	0	0	0	0	0	0	0	0	0	0	0	0
0	34.029642230819	1645.727921	929.7874908	1.895	1623.874098	819.7775133	1.895	1	1	1161.001189	1020.605834	1.895	1126.08532	550.9945493	1.895	493.1612063	493.1612063	-88.68227193	486.7306012	-85.25379073	0	0	0	0	0	0	0	0	0	0	0	0
0	34.129642230819	1643.967921	930.0819424	1.895	1622.1141	820.07197	1.895	1	1	1161.001189	1020.605834	1.895	1126.08532	550.9945493	1.895	491.3770846	491.3770846	-88.65079179	484.9697436	-85.2014689	0	0	0	0	0	0	0	0	0	0	0	0
0	34.229642230819	1642.209179	930.3761838	1.895	1620.355359	820.3662165	1.895	1	1	1161.001189	1020.605834	1.895	1126.08532	550.9945493	1.895	489.5942395	489.5942395	-88.61921979	483.2101461	-85.14906968	0	0	0	0	0	0	0	0	0	0	0	0
0	34.329642230819	1640.448209	930.670798	1.895	1618.594389	820.6608357	1.895	1	1	1161.001189	1020.605834	1.895	1126.08532	550.9945493	1.895	487.8091379	487.8091379	-88.58749243	481.4483215	-85.09648916	0	0	0	0	0	0	0	0	0	0	0	0
0	34.429642230819	1638.690608	930.9648485	1.895	1616.836789	820.9548912	1.895	1	1	1161.001189	1020.605834	1.895	1126.08532	550.9945493	1.895	486.0274547	486.0274547	-88.55570985	479.6898706	-85.04389465	0	0	0	0	0	0	0	0	0	0	0	0
0	34.529642230819	1636.927683	931.2597897	1.895	1615.073865	821.2498375	1.895	1	1	1161.001189	1020.605834	1.895	1126.08532	550.9945493	1.895	484.2403769	484.2403769	-88.52371378	477.9260955	-84.99102587	0	0	0	0	0	0	0	0	0	0	0	0
0	34.629642230819	1635.17444	931.5531109	1.895	1613.320623	821.5431637	1.895	1	1	1161.001189	1020.605834	1.895	1126.08532	550.9945493	1.895	482.4631171	482.4631171	-88.49177617	476.1720104	-84.93833336	0	0	0	0	0	0	0	0	0	0	0	0
0	34.729642230819	1633.41193	931.8479827	1.895	1611.558114	821.8380406	1.895	1	1	1161.001189	1020.605834	1.895	1126.08532	550.9945493	1.895	480.6764649	480.6764649	-88.45955097	474.4086553	-84.8852477	0	0	0	0	0	0	0	0	0	0	0	0
0	34.829642230819	1631.655085	932.1419066	1.895	1609.80127	822.1319696	1.895	1	1	1161.001189	1020.605834	1.895	1126.08532	550.9945493	1.895	478.8955585	478.8955585	-88.42730999	472.6509712	-84.83221843	0	0	0	0	0	0	0	0	0	0	0	0
0	34.929642230819	1629.895522	932.4362854	1.895	1608.041708	822.4263534	1.895	1	1	1161.001189	1020.605834	1.895	1126.08532	550.9945493	1.895	477.1118991	477.1118991	-88.39489876	470.8905699	-84.7789929	0	0	0	0	0	0	0	0	0	0	0	0
0	35.029642230819	1628.13943	932.7300834	1.895	1606.285616	822.7201564	1.895	1	1	1161.001189	1020.605834	1.895	1126.08532	550.9945493	1.895	475.3317612	475.3317612	-88.36243049	469.1336442	-84.72575855	0	0	0	0	0	0	0	0	0	0	0	0
0	35.129642230819	1626.388234	933.0230622	1.895	1604.534422	823.0131403	1.895	1	1	1161.001189	1020.605834	1.895	1126.08532	550.9945493	1.895	473.5565896	473.5565896	-88.32993149	467.3816201	-84.67255956	0	0	0	0	0	0	0	0	0	0	0	0
0	35.229642230819	1624.633015	933.3167142	1.895	1602.779203	823.3067974	1.895	1	1	1161.001189	1020.605834	1.895	1126.08532	550.9945493	1.895	471.7773413	471.7773413	-88.29723537	465.6255724	-84.61912519	0	0	0	0	0	0	0	0	0	0	0	0
0	35.329642230819	1622.869971	933.6116753	1.895	1601.01616	823.6017635	1.895	1	1	1161.001189	1020.605834	1.895	1126.08532	550.9945493	1.895	469.9901647	469.9901647	-88.2642692	463.8616998	-84.5653388	0	0	0	0	0	0	0	0	0	0	0	0
0	35.429642230819	1621.111992	933.9057889	1.895	1599.258182	823.8958822	1.895	1	1	1161.001189	1020.605834	1.895	1126.08532	550.9945493	1.895	468.2081254	468.2081254	-88.23127273	462.1028975	-84.51159358	0	0	0	0	0	0	0	0	0	0	0	0
0	35.529642230819	1619.355034	934.1997318	1.895	1597.501226	824.1898301	1.895	1	1	1161.001189	1020.605834	1.895	1126.08532	550.9945493	1.895	466.4271237	466.4271237	-88.19816975	460.3451193	-84.45776669	0	0	0	0	0	0	0	0	0	0	0	0
0	35.629642230819	1617.598412	934.4936185	1.895	1595.744604	824.4837218	1.895	1	1	1161.001189	1020.605834	1.895	1126.08532	550.9945493	1.895	464.6464649	464.6464649	-88.16494655	458.5876795	-84.40383753	0	0	0	0	0	0	0	0	0	0	0	0
0	35.729642230819	1615.843652	934.7871937	1.895	1593.989844	824.7773021	1.895	1	1	1161.001189	1020.605834	1.895	1126.08532	550.9945493	1.895	462.8676964	462.8676964	-88.13163125	456.8321054	-84.34985344	0	0	0	0	0	0	0	0	0	0	0	0
0	35.829642230819	1614.083714	935.0816351	1.895	1592.229908	825.0717486	1.895	1	1	1161.001189	1020.605834	1.895	1126.08532	550.9945493	1.895	461.0836826	461.0836826	-88.09808887	455.0713544	-84.29559786	0	0	0	0	0	0	0	0	0	0	0	0
0	35.929642230819	1612.321869	935.3763956	1.895	1590.468063	825.3665141	1.895	1	1	1161.001189	1020.605834	1.895	1126.08532	550.9945493	1.895	459.2977387	459.2977387	-88.06437995	453.3086983	-84.24117125	0	0	0	0	0	0	0	0	0	0	0	0
0	36.029642230819	1610.563406	935.6705902	1.895	1588.709602	825.6607137	1.895	1	1	1161.001189	1020.605834	1.895	1126.08532	550.9945493	1.895	457.5152266	457.5152266	-88.03060485	451.5494294	-84.18673751	0	0	0	0	0	0	0	0	0	0	0	0
0	36.129642230819	1608.812172	935.9635754	1.895	1586.958369	825.9537041	1.895	1	1	1161.001189	1020.605834	1.895	1126.08532	550.9945493	1.895	455.7400445	455.7400445	-87.99683761	449.7973949	-84.13241706	0	0	0	0	0	0	0	0	0	0	0	0
0	36.229642230819	1607.051074	936.2582109	1.895	1585.197272	826.2483446	1.895	1	1	1161.001189	1020.605834	1.895	1126.08532	550.9945493	1.895	453.9548671	453.9548671	-87.96274734	448.0354954	-84.0776799	0	0	0	0	0	0	0	0	0	0	0	0
0	36.329642230819	1605.299168	936.5513087	1.895	1583.445366	826.5414474	1.895	1	1	1161.001189	1020.605834	1.895	1126.08532	550.9945493	1.895	452.1790098	452.1790098	-87.92870177	446.2827945	-84.02311863	0	0	0	0	0	0	0	0	0	0	0	0
0	36.429642230819	1603.542643	936.845179	1.895	1581.688843	826.8353228	1.895	1	1	1161.001189	1020.605834	1.895	1126.08532	550.9945493	1.895	450.3984744	450.3984744	-87.89443202	444.5254765	-83.96830407	0	0	0	0	0	0	0	0	0	0	0	0
0	36.529642230819	1601.785005	937.1392358	1.895	1579.931205	827.1293846	1.895	1	1	1161.001189	1020.605834	1.895	1126.08532	550.9945493	1.895	448.6168128	448.6168128	-87.86000471	442.767047	-83.9133455	0	0	0	0	0	0	0	0	0	0	0	0
0	36.629642230819	1600.032817	937.4323806	1.895	1578.179018	827.4225344	1.895	1	1	1161.001189	1020.605834	1.895	1126.08532	550.9945493	1.895	446.8406799	446.8406799	-87.82554788	441.0140741	-83.85844912	0	0	0	0	0	0	0	0	0	0	0	0
0	36.729642230819	1598.2752	937.7264337	1.895	1576.421402	827.7165926	1.895	1	1	1161.001189	1020.605834	1.895	1126.08532	550.9945493	1.895	445.0590468	445.0590468	-87.79084647	439.2556727	-83.80327459	0	0	0	0	0	0	0	0	0	0	0	0
0	36.829642230819	1596.520988	938.0199172	1.895	1574.667191	828.0100811	1.895	1	1	1161.001189	1020.605834	1.895	1126.08532	550.9945493	1.895	443.2808686	443.2808686	-87.75607356	437.5006811	-83.74809963	0	0	0	0	0	0	0	0	0	0	0	0
0	36.929642230819	1594.762607	938.3140981	1.895	1572.908811	828.3042671	1.895	1	1	1161.001189	1020.605834	1.895	1126.08532	550.9945493	1.895	441.4984678	441.4984678	-87.72107782	435.7415221	-83.69268655	0	0	0	0	0	0	0	0	0	0	0	0
0	37.029642230819	1593.010701	938.6071958	1.895	1571.156906	828.5973698	1.895	1	1	1161.001189	1020.605834	1.895	1126.08532	550.9945493	1.895	439.7226341	439.7226341	-87.68607022	433.9888445	-83.63737164	0	0	0	0	0	0	0	0	0	0	0	0
0	37.129642230819	1591.256051	938.9007525	1.895	1569.402257	828.8909315	1.895	1	1	1161.001189	1020.605834	1.895	1126.08532	550.9945493	1.895	437.9440223	437.9440223	-87.65086586	432.233425	-83.58186482	0	0	0	0	0	0	0	0	0	0	0	0
0	37.229642230819	1589.501525	939.1942886	1.895	1567.647731	829.1844727	1.895	1	1	1161.001189	1020.605834	1.895	1126.08532	550.9945493	1.895	436.1655386	436.1655386	-87.61552078	430.478132	-83.52625727	0	0	0	0	0	0	0	0	0	0	0	0
0	37.329642230819	1587.742229	939.4886225	1.895	1565.888437	829.4788116	1.895	1	1	1161.001189	1020.605834	1.895	1126.08532	550.9945493	1.895	434.3822249	434.3822249	-87.57993471	428.7180719	-83.47039428	0	0	0	0	0	0	0	0	0	0	0	0
0	37.429642230819	1585.988436	939.782036	1.895	1564.134644	829.7722302	1.895	1	1	1161.001189	1020.605834	1.895	1126.08532	550.9945493	1.895	432.6044912	432.6044912	-87.54431428	426.963519	-83.41460282	0	0	0	0	0	0	0	0	0	0	0	0
0	37.529642230819	1584.233094	940.0757085	1.895	1562.379303	830.0659077	1.895	1	1	1161.001189	1020.605834	1.895	1126.08532	550.9945493	1.895	430.8251921	430.8251921	-87.50851561	425.2074212	-83.35865981	0	0	0	0	0	0	0	0	0	0	0	0
0	37.629642230819	1582.472674	940.3702305	1.895	1560.618884	830.3604348	1.895	1	1	1161.001189	1020.605834	1.895	1126.08532	550.9945493	1.895	429.0407494	429.0407494	-87.47246465	423.4462469	-83.30245304	0	0	0	0	0	0	0	0	0	0	0	0
0	37.729642230819	1580.711236	940.664923	1.895	1558.857446	830.6551324	1.895	1	1	1161.001189	1020.605834	1.895	1126.08532	550.9945493	1.895	427.2552774	427.2552774	-87.43624252	421.6840566	-83.24611249	0	0	0	0	0	0	0	0	0	0	0	0
0	37.829642230819	1578.95795	940.9582515	1.895	1557.104161	830.9484659	1.895	1	1	1161.001189	1020.605834	1.895	1126.08532	550.9945493	1.895	425.4780732	425.4780732	-87.40003748	419.9300264	-83.18993311	0	0	0	0	0	0	0	0	0	0	0	0
0	37.929642230819	1577.206751	941.2512309	1.895	1555.352963	831.2414503	1.895	1	1	1161.001189	1020.605834	1.895	1126.08532	550.9945493	1.895	423.7029883	423.7029883	-87.36372434	418.1780878	-83.13372241	0	0	0	0	0	0	0	0	0	0	0	0
0	38.029642230819	1575.449128	941.545285	1.895	1553.595341	831.5355095	1.895	1	1	1161.001189	1020.605834	1.895	1126.08532	550.9945493	1.895	421.9213955	421.9213955	-87.32712478	416.4197262	-83.07720789	0	0	0	0	0	0	0	0	0	0	0	0
0	38.129642230819	1573.693208	941.8390542	1.895	1551.839422	831.8292837	1.895	1	1	1161.001189	1020.605834	1.895	1126.08532	550.9945493	1.895	420.1415331	420.1415331	-87.29040612	414.6630725	-83.02065157	0	0	0	0	0	0	0	0	0	0	0	0
0	38.229642230819	1571.940708	942.1322512	1.895	1550.086924	832.1224857	1.895	1	1	1161.001189	1020.605834	1.895	1126.08532	550.9945493	1.895	418.3651414	418.3651414	-87.25360363	412.9098441	-82.96411033	0	0	0	0	0	0	0	0	0	0	0	0
0	38.329642230819	1570.183074	942.4263073	1.895	1548.32929	832.4165469	1.895	1	1	1161.001189	1020.605834	1.895	1126.08532	550.9945493	1.895	416.5835485	416.5835485	-87.2165361	411.1514824	-82.90730921	0	0	0	0	0	0	0	0	0	0	0	0
0	38.429642230819	1568.431781	942.7193023	1.895	1546.577998	832.7095469	1.895	1	1	1161.001189	1020.605834	1.895	1126.08532	550.9945493	1.895	414.8083884	414.8083884	-87.17944441	409.3994696	-82.85062049	0	0	0	0	0	0	0	0	0	0	0	0
0	38.529642230819	1566.675666	943.0131041	1.895	1544.821884	833.0033538	1.895	1	1	1161.001189	1020.605834	1.895	1126.08532	550.9945493	1.895	413.0283441	413.0283441	-87.14209092	407.6426363	-82.79368419	0	0	0	0	0	0	0	0	0	0	0	0
0	38.629642230819	1564.922693	943.3063804	1.895	1543.068912	833.2966351	1.895	1	1	1161.001189	1020.605834	1.895	1126.08532	550.9945493	1.895	411.2514882	411.2514882	-87.10464345	405.8889498	-82.73675977	0	0	0	0	0	0	0	0	0	0	0	0
0	38.729642230819	1563.170849	943.5994677	1.895	1541.317069	833.5897274	1.895	1	1	1161.001189	1020.605834	1.895	1126.08532	550.9945493	1.895	409.4757813	409.4757813	-87.06705821	404.1363973	-82.67978364	0	0	0	0	0	0	0	0	0	0	0	0
0	38.829642230819	1561.417808	943.8927552	1.895	1539.564029	833.88302	1.895	1	1	1161.001189	1020.605834	1.895	1126.08532	550.9945493	1.895	407.6988657	407.6988657	-87.02928386	402.3826519	-82.62268165	0	0	0	0	0	0	0	0	0	0	0	0
0	38.929642230819	1559.656355	944.1874501	1.895	1537.802577	834.17772	1.895	1	1	1161.001189	1020.605834	1.895	1126.08532	550.9945493	1.895	405.9134273	405.9134273	-86.99116216	400.6204949	-82.5652196	0	0	0	0	0	0	0	0	0	0	0	0
0	39.029642230819	1557.900921	944.4811379	1.895	1536.047144	834.4714129	1.895	1	1	1161.001189	1020.605834	1.895	1126.08532	550.9945493	1.895	404.1340949	404.1340949	-86.95300363	398.8643642	-82.50786976	0	0	0	0	0	0	0	0	0	0	0	0
0	39.129642230819	1556.142533	944.7753201	1.895	1534.288756	834.7656001	1.895	1	1	1161.001189	1020.605834	1.895	1126.08532	550.9945493	1.895	402.3517718	402.3517718	-86.91461216	397.1052818	-82.45034087	0	0	0	0	0	0	0	0	0	0	0	0
0	39.229642230819	1554.37984	945.0702225	1.895	1532.526064	835.0605075	1.895	1	1	1161.001189	1020.605834	1.895	1126.08532	550.9945493	1.895	400.56509	400.56509	-86.87595574	395.3418975	-82.39259004	0	0	0	0	0	0	0	0	0	0	0	0
0	39.329642230819	1552.62178	945.3643498	1.895	1530.768005	835.3546399	1.895	1	1	1161.001189	1020.605834	1.895	1126.08532	550.9945493	1.895	398.7831085	398.7831085	-86.83722889	393.5831523	-82.33491198	0	0	0	0	0	0	0	0	0	0	0	0
0	39.429642230819	1550.861599	945.6588318	1.895	1529.007825	835.6491269	1.895	1	1	1161.001189	1020.605834	1.895	1126.08532	550.9945493	1.895	396.9989828	396.9989828	-86.79828168	391.8222908	-82.27708725	0	0	0	0	0	0	0	0	0	0	0	0
0	39.529642230819	1549.108988	945.9520474	1.895	1527.255215	835.9423476	1.895	1	1	1161.001189	1020.605834	1.895	1126.08532	550.9945493	1.895	395.2225341	395.2225341	-86.75932777	390.0690062	-82.21943653	0	0	0	0	0	0	0	0	0	0	0	0
0	39.629642230819	1547.345918	946.2470128	1.895	1525.492146	836.2373181	1.895	1	1	1161.001189	1020.605834	1.895	1126.08532	550.9945493	1.895	393.4354887	393.4354887	-86.71996443	388.3052631	-82.16136872	0	0	0	0	0	0	0	0	0	0	0	0
0	39.729642230819	1545.594717	946.5399926	1.895	1523.740946	836.5303029	1.895	1	1	1161.001189	1020.605834	1.895	1126.08532	550.9945493	1.895	391.6604783	391.6604783	-86.6806888	386.5533981	-82.10362147	0	0	0	0	0	0	0	0	0	0	0	0
0	39.829642230819	1543.835776	946.8342672	1.895	1521.982006	836.8245825	1.895	1	1	1161.001189	1020.605834	1.895	1126.08532	550.9945493	1.895	389.8776282	389.8776282	-86.64106011	384.7937955	-82.0455507	0	0	0	0	0	0	0	0	0	0	0	0
0	39.929642230819	1542.076853	947.1285389	1.895	1520.223083	837.1188593	1.895	1	1	1161.001189	1020.605834	1.895	1126.08532	550.9945493	1.895	388.0948004	388.0948004	-86.60125029	383.034215	-81.98741442	0	0	0	0	0	0	0	0	0	0	0	0
